0.0721759	0.0360879	0.00996997	-0.00087108
0.157479	0.0426515	0.00983403	-0.0023961
0.233809	0.0381649	0.00957747	-0.00442034
0.302632	0.0344115	0.00918766	-0.0070157
0.365195	0.0312817	0.00865119	-0.0102567
0.42248	0.0286427	0.00795407	-0.0142185
0.480399	0.0289594	0.0069827	-0.0195087
0.533186	0.0263936	0.00579212	-0.0257997
0.581742	0.0242779	0.00436543	-0.0331806
0.626699	0.0224785	0.00268664	-0.041734
0.668558	0.0209295	0.000739575	-0.0515421
0.707722	0.0195818	-0.0014921	-0.0626868
0.744518	0.0183981	-0.00402477	-0.0752497
0.779218	0.0173501	-0.00687485	-0.0893116
0.812049	0.0164154	-0.0100587	-0.104953
0.843202	0.0155763	-0.0135927	-0.122253
0.872839	0.0148187	-0.0174931	-0.141291
0.901101	0.0141308	-0.0217759	-0.162143
0.928107	0.0135033	-0.0264569	-0.184884
0.953964	0.0129281	-0.0315518	-0.209588
0.978761	0.0123988	-0.0370756	-0.236325
1.00258	0.0119096	-0.0430433	-0.265162
1.02549	0.0114559	-0.0494689	-0.296163
1.04756	0.0110335	-0.0563661	-0.329386
1.06884	0.010639	-0.0637477	-0.364884
1.08938	0.0102692	-0.0716255	-0.402704
1.10922	0.00992158	-0.0800105	-0.442884
1.12841	0.00959375	-0.0889121	-0.485456
1.14697	0.00928368	-0.0983389	-0.530439
1.16495	0.0089896	-0.108297	-0.577845
1.18237	0.00870993	-0.118793	-0.62767
1.19926	0.00844331	-0.129829	-0.6799
1.21564	0.00818855	-0.141407	-0.734505
1.23153	0.00794462	-0.153526	-0.791441
1.24695	0.00771062	-0.166184	-0.850649
1.26192	0.00748581	-0.179375	-0.912053
1.27646	0.00726955	-0.193094	-0.975562
1.29058	0.00706133	-0.20733	-1.04107
1.3043	0.00686072	-0.222074	-1.10844
1.31764	0.0066674	-0.237313	-1.17756
1.3306	0.00648111	-0.253032	-1.24825
1.3432	0.00630167	-0.269216	-1.32037
1.35546	0.00612894	-0.285848	-1.39373
1.36739	0.00596284	-0.302911	-1.46814
1.37899	0.00580331	-0.320386	-1.54341
1.39029	0.0056503	-0.338255	-1.61935
1.4013	0.0055038	-0.356499	-1.69574
1.41203	0.00536378	-0.375099	-1.77238
1.42249	0.00523023	-0.394039	-1.84906
1.43269	0.00510311	-0.4133	-1.92555
1.44266	0.0049824	-0.432867	-2.00166
1.4524	0.00486807	-0.452722	-2.07717
1.46192	0.00476006	-0.472852	-2.15186
1.47123	0.00465832	-0.493243	-2.22553
1.48036	0.0045628	-0.513883	-2.29797
1.48931	0.00447345	-0.53476	-2.36897
1.49809	0.0043902	-0.555865	-2.43833
1.50671	0.00431301	-0.57719	-2.50585
1.5152	0.00424184	-0.598727	-2.57133
1.52355	0.00417667	-0.620471	-2.63456
1.53178	0.00411749	-0.642418	-2.69535
1.53991	0.00406434	-0.664565	-2.75348
1.54795	0.00401725	-0.686911	-2.80877
1.5559	0.00397634	-0.709457	-2.861
1.56378	0.00394175	-0.732207	-2.90997
1.57161	0.0039137	-0.755164	-2.95545
1.5794	0.00389246	-0.778336	-2.99723
1.58715	0.00387843	-0.801734	-3.03508
1.5949	0.00387213	-0.825371	-3.06874
1.60264	0.00387424	-0.849264	-3.09796
1.61042	0.00388566	-0.873437	-3.12247
1.61823	0.00390758	-0.897918	-3.14193
1.62611	0.00394163	-0.922745	-3.15602
1.63409	0.00399002	-0.947967	-3.16434
1.64221	0.00405584	-0.973647	-3.16641
1.65049	0.00414362	-0.999871	-3.16168
1.65901	0.00426013	-1.02676	-3.14944
1.66785	0.00441624	-1.05449	-3.12875
1.67711	0.00463058	-1.08333	-3.09829
1.68699	0.00493888	-1.11373	-3.056
1.69783	0.00542193	-1.14657	-2.99821
1.71048	0.00632596	-1.18399	-2.91647
1.72618	0.007849	-1.22885	-2.79532
1.73736	0.00559102	-1.25956	-2.69722
1.74737	0.00500364	-1.28608	-2.60224
1.7574	0.00501638	-1.31169	-2.50122
1.76668	0.00464188	-1.33446	-2.40348
1.77546	0.00438543	-1.35512	-2.30814
1.78388	0.00421147	-1.37417	-2.21451
1.79205	0.00408714	-1.39189	-2.12229
1.80004	0.00399585	-1.40849	-2.03138
1.8079	0.00392842	-1.4241	-1.94174
1.81566	0.00387926	-1.43882	-1.8534
1.82335	0.00384469	-1.45274	-1.76641
1.83099	0.00382222	-1.46591	-1.68083
1.83861	0.00381006	-1.4784	-1.59673
1.84623	0.00380694	-1.49024	-1.51417
1.85385	0.00381191	-1.50148	-1.43324
1.8615	0.00382428	-1.51214	-1.35401
1.86919	0.00384354	-1.52225	-1.27653
1.87693	0.0038693	-1.53183	-1.20088
1.88473	0.00390133	-1.54091	-1.12712
1.89261	0.00393944	-1.54951	-1.0553
1.90057	0.00398356	-1.55764	-0.985467
1.90864	0.00403365	-1.56531	-0.917674
1.91682	0.00408977	-1.57255	-0.85196
1.92513	0.004152	-1.57936	-0.788359
1.93357	0.00422051	-1.58575	-0.726903
1.94216	0.00429549	-1.59174	-0.667616
1.95091	0.0043772	-1.59733	-0.610518
1.95984	0.00446596	-1.60254	-0.555623
1.96897	0.00456214	-1.60736	-0.50294
1.9783	0.00466617	-1.61182	-0.452472
1.98786	0.00477856	-1.61591	-0.404219
1.99766	0.00489989	-1.61964	-0.358174
2.00772	0.00503083	-1.62303	-0.314324
2.01806	0.00517215	-1.62606	-0.272654
2.02871	0.00532471	-1.62875	-0.233142
2.03969	0.00548953	-1.6311	-0.195761
2.05103	0.00566776	-1.63312	-0.160481
2.06275	0.00586072	-1.6348	-0.127267
2.07489	0.00606995	-1.63616	-0.0960792
2.08748	0.00629722	-1.63718	-0.0668729
2.10057	0.0065446	-1.63788	-0.0396004
2.1142	0.0068145	-1.63824	-0.0142096
2.12842	0.00710976	-1.63827	0.00935533
2.14329	0.00743374	-1.63797	0.0311542
2.15887	0.00779044	-1.63732	0.0512501
2.17524	0.00818468	-1.63633	0.0697099
2.19248	0.00862229	-1.63498	0.0866039
2.2107	0.00911039	-1.63326	0.102006
2.23002	0.00965782	-1.63115	0.115992
2.25057	0.0102757	-1.62863	0.128645
2.27253	0.010978	-1.62568	0.140048
2.29609	0.0117832	-1.62226	0.150289
2.32152	0.0127155	-1.61832	0.159464
2.34914	0.0138079	-1.6138	0.16767
2.37935	0.0151069	-1.60862	0.175016
2.41271	0.0166806	-1.60267	0.181619
2.44999	0.0186351	-1.59578	0.187615
2.49228	0.0211493	-1.58773	0.193165
2.54141	0.0245618	-1.5781	0.198482
2.60071	0.0296506	-1.56617	0.203899
2.67868	0.038984	-1.55003	0.210134
2.77643	0.0488743	-1.52913	0.217432
2.86007	0.0418238	-1.51068	0.22371
2.94334	0.0416314	-1.49178	0.230245
3.02056	0.0386147	-1.47375	0.236705
3.09367	0.0365535	-1.45621	0.243267
3.16371	0.0350188	-1.43894	0.250037
3.23115	0.0337189	-1.42184	0.257076
3.29623	0.0325398	-1.40487	0.264422
3.3591	0.0314351	-1.38801	0.272106
3.41987	0.0303841	-1.37123	0.280157
3.47862	0.0293768	-1.35453	0.288605
3.53543	0.0284077	-1.33788	0.297477
3.59038	0.0274739	-1.32128	0.306806
3.64353	0.0265732	-1.30472	0.316624
3.69494	0.0257041	-1.28818	0.326966
3.74467	0.0248654	-1.27165	0.337871
3.79278	0.0240563	-1.25512	0.349381
3.83933	0.0232757	-1.23857	0.361539
3.88438	0.0225229	-1.222	0.374394
3.92797	0.0217972	-1.20539	0.388
3.97017	0.0210978	-1.18871	0.402414
4.01102	0.0204242	-1.17197	0.417699
4.05057	0.0197758	-1.15513	0.433923
4.08887	0.019152	-1.13818	0.451161
4.12598	0.0185523	-1.12111	0.469496
4.16193	0.0179764	-1.10388	0.489017
4.19678	0.0174238	-1.08648	0.509826
4.23056	0.0168942	-1.06888	0.532031
4.26334	0.0163874	-1.05106	0.555755
4.29515	0.0159032	-1.03299	0.581134
4.32603	0.0154416	-1.01463	0.608321
4.35603	0.0150028	-0.995941	0.637486
4.38521	0.0145869	-0.976892	0.668825
4.4136	0.0141945	-0.957432	0.702557
4.44125	0.0138263	-0.937508	0.738938
4.46822	0.0134836	-0.917057	0.778264
4.49455	0.0131682	-0.896006	0.820884
4.52032	0.0128826	-0.874267	0.867213
4.54558	0.0126306	-0.85173	0.917761
4.57042	0.012418	-0.828258	0.97316
4.59492	0.0122533	-0.803672	1.03422
4.61922	0.0121507	-0.777727	1.10204
4.64349	0.012134	-0.750073	1.17814
4.66799	0.0122481	-0.720167	1.26485
4.69316	0.0125882	-0.687069	1.36609
4.71905	0.012943	-0.65019	1.48531
4.74347	0.0122103	-0.612369	1.61443
4.7665	0.0115129	-0.573619	1.75366
4.78826	0.0108828	-0.533844	1.90356
4.80488	0.00830793	-0.501163	2.03179
4.8196	0.00736324	-0.470332	2.15671
4.83291	0.00665242	-0.440828	2.27966
4.84628	0.00668409	-0.409466	2.41379
4.85847	0.00609367	-0.379249	2.54618
4.86966	0.00559491	-0.350033	2.67691
4.88003	0.00518724	-0.321594	2.80654
4.88972	0.00484555	-0.293776	2.93544
4.89883	0.00455311	-0.266465	3.06383
4.90742	0.00429883	-0.239576	3.19183
4.91557	0.004075	-0.213046	3.31953
4.92333	0.00387603	-0.186821	3.44696
4.93072	0.00369773	-0.160862	3.57412
4.9378	0.00353689	-0.135133	3.70099
4.94458	0.00339096	-0.109606	3.82754
4.95109	0.00325792	-0.0842571	3.95373
4.95737	0.00313613	-0.0590656	4.07949
4.96341	0.00302422	-0.0340137	4.20476
4.96926	0.00292106	-0.00908604	4.32946
4.97491	0.00282571	0.015731	4.45353
4.98038	0.00273736	0.0404494	4.57687
4.98569	0.00265531	0.0650798	4.6994
4.99085	0.00257897	0.0896319	4.82103
4.99587	0.00250783	0.114114	4.94166
5.00075	0.00244143	0.138535	5.0612
5.00551	0.00237938	0.162901	5.17954
5.01015	0.00232133	0.187219	5.2966
5.01469	0.00226698	0.211496	5.41225
5.01912	0.00221606	0.235736	5.5264
5.02345	0.00216833	0.259946	5.63895
5.0277	0.00212356	0.28413	5.74977
5.03186	0.00208158	0.308294	5.85875
5.03595	0.00204221	0.332443	5.9658
5.03996	0.00200529	0.35658	6.07078
5.0439	0.0019707	0.38071	6.17358
5.04778	0.0019383	0.404837	6.27409
5.05159	0.001908	0.428966	6.37218
5.05535	0.0018797	0.453102	6.46772
5.05906	0.0018533	0.477248	6.56061
5.06272	0.00182875	0.501408	6.6507
5.06633	0.00180597	0.525588	6.73787
5.0699	0.0017849	0.549791	6.82198
5.07343	0.00176551	0.574023	6.9029
5.07692	0.00174775	0.598289	6.9805
5.08039	0.0017316	0.622593	7.05462
5.08382	0.00171704	0.646941	7.12513
5.08723	0.00170406	0.671338	7.19188
5.09062	0.00169265	0.695792	7.2547
5.09398	0.00168283	0.720309	7.31345
5.09733	0.00167462	0.744895	7.36795
5.10067	0.00166805	0.76956	7.41804
5.10399	0.00166316	0.794311	7.46353
5.10731	0.00166002	0.819159	7.50423
5.11063	0.00165872	0.844114	7.53995
5.11395	0.00165934	0.869189	7.57048
5.11727	0.00166203	0.894396	7.59559
5.12061	0.00166694	0.919753	7.61503
5.12396	0.00167427	0.945276	7.62855
5.12732	0.00168427	0.970987	7.63586
5.13072	0.00169726	0.99691	7.63665
5.13415	0.00171365	1.02307	7.63056
5.13761	0.00173394	1.04951	7.6172
5.14113	0.00175882	1.07627	7.5961
5.14471	0.00178918	1.1034	7.56673
5.14836	0.00182625	1.13097	7.52844
5.15211	0.00187175	1.15907	7.48046
5.15596	0.00192821	1.18781	7.42176
5.15996	0.0019995	1.21735	7.35104
5.16415	0.00209191	1.24793	7.26646
5.16858	0.00221668	1.27992	7.16526
5.17337	0.00239654	1.31398	7.04289
5.17875	0.00268787	1.35143	6.89035
5.18535	0.00330002	1.39623	6.68246
5.19153	0.00309143	1.43689	6.46898
5.19667	0.00256846	1.46964	6.27942
5.20131	0.00231984	1.49836	6.09986
5.20596	0.00232479	1.52629	5.91306
5.21028	0.00216401	1.5515	5.73395
5.21438	0.00204921	1.57464	5.56052
5.21832	0.00196763	1.59619	5.39118
5.22213	0.00190659	1.61643	5.22511
5.22585	0.00185937	1.63556	5.06184
5.22949	0.00182216	1.65371	4.90108
5.23308	0.00179256	1.671	4.74269
5.23662	0.00176898	1.6875	4.58657
5.24012	0.00175029	1.70329	4.43268
5.24359	0.0017357	1.71841	4.28101
5.24704	0.0017246	1.73292	4.13157
5.25047	0.00171655	1.74685	3.98438
5.25389	0.00171119	1.76024	3.83948
5.25731	0.00170824	1.77312	3.69691
5.26073	0.00170748	1.7855	3.5567
5.26414	0.00170875	1.79742	3.41891
5.26757	0.0017119	1.80889	3.28357
5.271	0.00171682	1.81994	3.15074
5.27445	0.00172342	1.83057	3.02047
5.27791	0.00173164	1.84081	2.89279
5.28139	0.00174142	1.85067	2.76774
5.2849	0.00175271	1.86016	2.64537
5.28843	0.0017655	1.86928	2.52571
5.29199	0.00177977	1.87807	2.4088
5.29558	0.0017955	1.88651	2.29467
5.29921	0.00181269	1.89463	2.18335
5.30287	0.00183137	1.90242	2.07485
5.30657	0.00185153	1.90991	1.96921
5.31032	0.00187321	1.91709	1.86643
5.31411	0.00189644	1.92398	1.76655
5.31795	0.00192126	1.93058	1.66955
5.32185	0.0019477	1.9369	1.57546
5.3258	0.00197583	1.94295	1.48428
5.32981	0.0020057	1.94872	1.39601
5.33389	0.00203738	1.95424	1.31064
5.33803	0.00207095	1.95949	1.22816
5.34224	0.00210651	1.9645	1.14858
5.34653	0.00214413	1.96926	1.07188
5.3509	0.00218394	1.97378	0.998028
5.35535	0.00222605	1.97806	0.927018
5.35989	0.00227059	1.98212	0.858825
5.36453	0.00231771	1.98594	0.793421
5.36926	0.00236757	1.98955	0.730777
5.3741	0.00242034	1.99294	0.670861
5.37905	0.00247624	1.99612	0.613637
5.38413	0.00253547	1.99909	0.559067
5.38932	0.00259829	2.00186	0.507109
5.39465	0.00266495	2.00443	0.45772
5.40012	0.00273578	2.00681	0.410854
5.40575	0.00281111	2.00899	0.366461
5.41153	0.00289131	2.01099	0.324491
5.41748	0.00297682	2.0128	0.284889
5.42362	0.00306812	2.01443	0.2476
5.42995	0.00316575	2.01589	0.212565
5.43649	0.00327034	2.01717	0.179726
5.44326	0.00338257	2.01828	0.14902
5.45026	0.00350326	2.01922	0.120383
5.45753	0.00363334	2.02	0.0937508
5.46508	0.00377385	2.02061	0.0690558
5.47293	0.00392605	2.02107	0.0462297
5.48111	0.00409136	2.02136	0.025203
5.48965	0.00427146	2.02149	0.00590465
5.49859	0.00446835	2.02146	-0.0117375
5.50796	0.00468437	2.02127	-0.0277968
5.5178	0.00492235	2.02093	-0.0423474
5.52818	0.00518569	2.02042	-0.0554645
5.53913	0.00547852	2.01974	-0.0672241
5.55074	0.00580591	2.0189	-0.0777029
5.56309	0.00617418	2.01788	-0.0869786
5.57628	0.00659124	2.01668	-0.0951292
5.59041	0.00706718	2.01529	-0.102234
5.60564	0.00761504	2.01368	-0.108371
5.62214	0.00825195	2.01185	-0.113622
5.64015	0.00900091	2.00976	-0.118067
5.65993	0.00989341	2.00739	-0.121788
5.68188	0.0109738	2.00468	-0.124868
5.70649	0.0123065	2.00157	-0.127391
5.73447	0.0139887	1.99798	-0.129445
5.76682	0.0161743	1.99376	-0.131121
5.80506	0.0191223	1.98872	-0.132518
5.85168	0.0233082	1.98251	-0.13375
5.91113	0.0297254	1.97453	-0.13496
5.99312	0.0409928	1.9634	-0.13638
6.1321	0.0694924	1.94429	-0.138666
6.2963	0.0820994	1.92129	-0.141462
6.45715	0.0804234	1.8983	-0.144377
6.61128	0.0770684	1.87582	-0.147357
6.75963	0.0741747	1.85374	-0.150416
6.90256	0.0714649	1.83202	-0.153561
7.04034	0.0688901	1.81064	-0.156798
7.17321	0.0664315	1.78958	-0.160132
7.30136	0.0640793	1.76884	-0.163567
7.42502	0.0618264	1.7484	-0.167111
7.54435	0.0596671	1.72824	-0.170768
7.65954	0.0575959	1.70836	-0.174546
7.77076	0.055608	1.68873	-0.17845
7.87816	0.0536987	1.66935	-0.18249
7.98188	0.0518639	1.6502	-0.186672
8.08208	0.0500996	1.63128	-0.191004
8.17889	0.0484022	1.61258	-0.195496
8.27242	0.0467683	1.59408	-0.200158
8.36281	0.0451948	1.57577	-0.204999
8.45017	0.0436788	1.55764	-0.21003
8.53461	0.0422175	1.53969	-0.215263
8.61622	0.0408085	1.5219	-0.220712
8.69512	0.0394495	1.50426	-0.226388
8.7714	0.0381382	1.48677	-0.232307
8.84514	0.0368727	1.46942	-0.238484
8.91645	0.035651	1.45218	-0.244936
8.98539	0.0344715	1.43507	-0.251681
9.05205	0.0333325	1.41806	-0.258738
9.11652	0.0322325	1.40114	-0.266128
9.17886	0.0311701	1.38431	-0.273874
9.23915	0.0301439	1.36756	-0.281999
9.29745	0.0291529	1.35087	-0.29053
9.35384	0.0281957	1.33423	-0.299496
9.40839	0.0272713	1.31765	-0.308926
9.46114	0.0263787	1.30109	-0.318854
9.51218	0.025517	1.28455	-0.329314
9.56155	0.0246852	1.26802	-0.340347
9.60931	0.0238825	1.25149	-0.351994
9.65553	0.0231082	1.23494	-0.3643
9.70025	0.0223614	1.21836	-0.377315
9.74354	0.0216416	1.20174	-0.391093
9.78543	0.0209479	1.18505	-0.405692
9.82599	0.0202799	1.16828	-0.421177
9.86527	0.0196369	1.15142	-0.437616
9.9033	0.0190184	1.13445	-0.455088
9.94015	0.018424	1.11734	-0.473675
9.97586	0.0178532	1.10008	-0.49347
10.0105	0.0173056	1.08264	-0.514574
10.044	0.016781	1.065	-0.537102
10.0766	0.0162792	1.04712	-0.561177
10.1082	0.0158	1.02899	-0.586939
10.1389	0.0153434	1.01056	-0.614544
10.1687	0.0149095	0.991795	-0.644169
10.1977	0.0144988	0.972659	-0.676013
10.2259	0.0141116	0.953102	-0.710303
10.2534	0.0137489	0.933068	-0.747303
10.2802	0.013412	0.912493	-0.78732
10.3064	0.0131029	0.8913	-0.830715
10.3321	0.0128243	0.869395	-0.877922
10.3573	0.0125804	0.846667	-0.929475
10.382	0.0123773	0.822967	-0.986039
10.4065	0.0122248	0.798106	-1.04848
10.4307	0.0121385	0.771821	-1.11796
10.455	0.0121457	0.743729	-1.19615
10.4796	0.0122983	0.713224	-1.28563
10.505	0.0127119	0.679223	-1.39089
10.5306	0.0127814	0.642144	-1.5122
10.5547	0.0120545	0.604131	-1.64345
10.5775	0.0113721	0.56517	-1.78492
10.5967	0.00964331	0.529456	-1.92053
10.6131	0.00817261	0.497033	-2.04831
10.6276	0.00725883	0.466402	-2.1729
10.6408	0.00657194	0.437043	-2.29567
10.654	0.00660192	0.405857	-2.42945
10.666	0.00602887	0.375774	-2.56159
10.6771	0.00554289	0.346659	-2.69217
10.6874	0.00514412	0.318301	-2.8217
10.697	0.00480894	0.290547	-2.95053
10.7061	0.00452147	0.263289	-3.07887
10.7146	0.00427111	0.236446	-3.20683
10.7227	0.00405045	0.209954	-3.3345
10.7304	0.00385411	0.183763	-3.4619
10.7378	0.00367801	0.157832	-3.58902
10.7448	0.00351904	0.132128	-3.71586
10.7515	0.00337472	0.106623	-3.84237
10.758	0.00324308	0.0812937	-3.96851
10.7643	0.00312251	0.0561195	-4.09421
10.7703	0.00301168	0.0310829	-4.21942
10.7761	0.00290949	0.00616891	-4.34406
10.7817	0.002815	-0.0186359	-4.46804
10.7872	0.00272742	-0.0433435	-4.59129
10.7925	0.00264607	-0.0679642	-4.71372
10.7976	0.00257036	-0.0925077	-4.83524
10.8026	0.0024998	-0.116983	-4.95574
10.8075	0.00243393	-0.141396	-5.07515
10.8122	0.00237236	-0.165756	-5.19335
10.8169	0.00231477	-0.190069	-5.31024
10.8214	0.00226083	-0.214341	-5.42573
10.8258	0.0022103	-0.238578	-5.5397
10.8301	0.00216292	-0.262785	-5.65204
10.8344	0.00211849	-0.286967	-5.76265
10.8385	0.00207683	-0.311128	-5.87142
10.8426	0.00203775	-0.335275	-5.97823
10.8466	0.00200111	-0.359411	-6.08296
10.8505	0.00196678	-0.38354	-6.1855
10.8544	0.00193464	-0.407668	-6.28573
10.8582	0.00190458	-0.431798	-6.38353
10.862	0.0018765	-0.455934	-6.47877
10.8657	0.00185033	-0.480082	-6.57133
10.8693	0.00182598	-0.504244	-6.66108
10.8729	0.00180341	-0.528426	-6.7479
10.8765	0.00178254	-0.552633	-6.83165
10.88	0.00176334	-0.576869	-6.91219
10.8835	0.00174578	-0.601138	-6.98938
10.887	0.00172981	-0.625447	-7.06309
10.8904	0.00171544	-0.6498	-7.13317
10.8938	0.00170264	-0.674204	-7.19946
10.8972	0.00169142	-0.698665	-7.26181
10.9006	0.00168178	-0.72319	-7.32007
10.9039	0.00167376	-0.747785	-7.37406
10.9072	0.00166738	-0.772459	-7.42362
10.9106	0.0016627	-0.797222	-7.46856
10.9139	0.00165977	-0.822081	-7.50869
10.9172	0.00165869	-0.84705	-7.54381
10.9205	0.00165955	-0.872139	-7.57372
10.9239	0.00166248	-0.897363	-7.59817
10.9272	0.00166767	-0.922738	-7.61693
10.9305	0.0016753	-0.948282	-7.62974
10.9339	0.00168563	-0.974017	-7.63631
10.9373	0.001699	-0.999966	-7.63631
10.9407	0.00171582	-1.02616	-7.62938
10.9442	0.00173661	-1.05264	-7.61514
10.9477	0.00176207	-1.07944	-7.5931
10.9513	0.00179315	-1.10661	-7.56272
10.955	0.00183111	-1.13424	-7.52334
10.9587	0.00187775	-1.1624	-7.47415
10.9626	0.00193572	-1.19123	-7.41412
10.9666	0.00200909	-1.22087	-7.34189
10.9708	0.00210457	-1.2516	-7.25552
10.9753	0.00223429	-1.28379	-7.15212
10.9802	0.0024232	-1.31816	-7.02682
10.9856	0.0027353	-1.35617	-6.86969
10.9925	0.00342727	-1.40252	-6.651
10.9984	0.00296826	-1.4414	-6.44387
11.0035	0.00252891	-1.47352	-6.25593
11.0081	0.00229598	-1.50183	-6.0773
11.0127	0.00230029	-1.52937	-5.89174
11.017	0.00214805	-1.5543	-5.71343
11.021	0.00203827	-1.57724	-5.54053
11.025	0.0019596	-1.59862	-5.37161
11.0288	0.00190044	-1.61872	-5.20589
11.0325	0.00185456	-1.63773	-5.04292
11.0361	0.00181835	-1.65578	-4.88245
11.0397	0.00178952	-1.67297	-4.72432
11.0432	0.00176655	-1.68939	-4.56847
11.0467	0.00174838	-1.70509	-4.41484
11.0502	0.00173423	-1.72014	-4.26343
11.0536	0.00172351	-1.73458	-4.11425
11.0571	0.00171579	-1.74845	-3.96733
11.0605	0.00171072	-1.76177	-3.82269
11.0639	0.00170804	-1.77459	-3.68039
11.0673	0.00170753	-1.78692	-3.54047
11.0707	0.00170902	-1.79878	-3.40296
11.0742	0.00171238	-1.81021	-3.26791
11.0776	0.00171751	-1.8212	-3.13538
11.081	0.0017243	-1.83179	-3.00541
11.0845	0.0017327	-1.84198	-2.87803
11.088	0.00174266	-1.8518	-2.7533
11.0915	0.00175413	-1.86124	-2.63124
11.095	0.00176709	-1.87033	-2.5119
11.0986	0.00178153	-1.87907	-2.39532
11.1022	0.00179743	-1.88748	-2.28151
11.1058	0.0018148	-1.89555	-2.17052
11.1095	0.00183365	-1.90332	-2.06235
11.1132	0.00185399	-1.91077	-1.95704
11.1169	0.00187585	-1.91792	-1.85461
11.1207	0.00189926	-1.92477	-1.75506
11.1246	0.00192426	-1.93134	-1.6584
11.1285	0.0019509	-1.93762	-1.56465
11.1325	0.00197923	-1.94364	-1.47381
11.1365	0.0020093	-1.94938	-1.38588
11.1406	0.00204121	-1.95487	-1.30085
11.1447	0.00207501	-1.96009	-1.21871
11.1489	0.0021108	-1.96507	-1.13947
11.1532	0.00214867	-1.9698	-1.0631
11.1576	0.00218874	-1.97429	-0.98958
11.1621	0.00223113	-1.97855	-0.918901
11.1666	0.00227596	-1.98258	-0.851036
11.1713	0.00232339	-1.98638	-0.785956
11.176	0.00237358	-1.98996	-0.723633
11.1809	0.00242671	-1.99333	-0.664033
11.1858	0.00248298	-1.99648	-0.607121
11.1909	0.00254262	-1.99943	-0.552858
11.1961	0.00260587	-2.00217	-0.501203
11.2015	0.00267301	-2.00472	-0.452112
11.207	0.00274435	-2.00707	-0.405537
11.2126	0.00282022	-2.00924	-0.36143
11.2184	0.00290103	-2.01121	-0.31974
11.2244	0.00298719	-2.013	-0.280411
11.2305	0.0030792	-2.01461	-0.243389
11.2369	0.00317761	-2.01605	-0.208614
11.2435	0.00328305	-2.01731	-0.176028
11.2503	0.00339623	-2.0184	-0.145567
11.2573	0.00351797	-2.01932	-0.117168
11.2646	0.0036492	-2.02008	-0.0907652
11.2722	0.00379102	-2.02068	-0.0662922
11.2801	0.00394466	-2.02111	-0.0436801
11.2883	0.00411161	-2.02138	-0.0228591
11.2969	0.00429357	-2.02149	-0.00375812
11.3059	0.00449256	-2.02145	0.0136952
11.3153	0.004711	-2.02124	0.0295743
11.3252	0.00495175	-2.02088	0.0439534
11.3356	0.00521831	-2.02035	0.0569078
11.3466	0.0055149	-2.01966	0.0685137
11.3583	0.00584672	-2.01879	0.0788479
11.3708	0.00622024	-2.01775	0.087988
11.3841	0.00664362	-2.01653	0.0960122
11.3983	0.00712722	-2.01511	0.102999
11.4137	0.00768451	-2.01348	0.109029
11.4304	0.00833321	-2.01162	0.114182
11.4485	0.00909712	-2.0095	0.118538
11.4686	0.010009	-2.00709	0.122179
11.4908	0.0111151	-2.00434	0.12519
11.5158	0.0124828	-2.00118	0.127654
11.5442	0.0142145	-1.99752	0.129659
11.5771	0.016473	-1.99322	0.131297
11.6162	0.0195352	-1.98806	0.132669
11.664	0.023915	-1.98169	0.133889
11.7255	0.0307088	-1.97343	0.135109
11.8113	0.0429242	-1.96176	0.136579
11.9652	0.0769635	-1.94055	0.139114
12.1272	0.0809596	-1.9178	0.141897
12.2864	0.0796238	-1.89497	0.144811
12.4395	0.0765617	-1.87257	0.147799
12.587	0.0737512	-1.85054	0.15087
12.7292	0.0710766	-1.82887	0.154028
12.8662	0.0685232	-1.80754	0.157278
12.9984	0.0660815	-1.78654	0.160626
13.1259	0.0637444	-1.76584	0.164077
13.2489	0.0615056	-1.74544	0.167637
13.3676	0.0593595	-1.72532	0.171312
13.4822	0.0573007	-1.70548	0.175107
13.5929	0.0553245	-1.68589	0.179031
13.6997	0.0534264	-1.66654	0.183091
13.8029	0.0516021	-1.64743	0.187294
13.9026	0.0498478	-1.62854	0.19165
13.9989	0.0481599	-1.60987	0.196166
14.092	0.046535	-1.59139	0.200853
14.1819	0.0449701	-1.57311	0.205721
14.2689	0.0434622	-1.55501	0.210781
14.3529	0.0420087	-1.53708	0.216045
14.4341	0.0406072	-1.51932	0.221525
14.5126	0.0392552	-1.5017	0.227236
14.5885	0.0379507	-1.48423	0.233192
14.6619	0.0366917	-1.46689	0.239408
14.7328	0.0354763	-1.44968	0.245901
14.8014	0.0343028	-1.43258	0.252691
14.8678	0.0331696	-1.41558	0.259795
14.9319	0.0320751	-1.39868	0.267236
14.994	0.0310181	-1.38186	0.275035
15.054	0.0299972	-1.36512	0.283218
15.112	0.0290111	-1.34844	0.291811
15.1681	0.0280588	-1.33181	0.300842
15.2224	0.0271391	-1.31523	0.310343
15.2749	0.0262511	-1.29867	0.320346
15.3257	0.0253937	-1.28214	0.330888
15.3748	0.0245663	-1.26561	0.342008
15.4223	0.0237678	-1.24908	0.353748
15.4683	0.0229975	-1.23253	0.366154
15.5128	0.0222547	-1.21594	0.379277
15.5559	0.0215387	-1.19931	0.393171
15.5976	0.0208488	-1.18261	0.407895
15.638	0.0201845	-1.16583	0.423514
15.6771	0.0195451	-1.14895	0.4401
15.7149	0.0189302	-1.13196	0.457728
15.7516	0.0183392	-1.11483	0.476485
15.7872	0.0177718	-1.09755	0.496465
15.8216	0.0172277	-1.08008	0.51777
15.855	0.0167064	-1.0624	0.540515
15.8874	0.0162079	-1.04449	0.564827
15.9189	0.015732	-1.02632	0.590848
15.9495	0.0152787	-1.00784	0.618737
15.9792	0.0148482	-0.989027	0.648672
16.008	0.0144408	-0.969833	0.680858
16.0362	0.0140571	-0.95021	0.715527
16.0636	0.0136981	-0.930101	0.752947
16.0903	0.0133651	-0.909441	0.793432
16.1164	0.0130603	-0.88815	0.837354
16.142	0.0127864	-0.866133	0.88516
16.1671	0.012548	-0.843273	0.937399
16.1918	0.0123516	-0.819417	0.994761
16.2162	0.0122076	-0.794367	1.05815
16.2405	0.0121329	-0.767846	1.12878
16.2648	0.0121571	-0.739446	1.20843
16.2895	0.0123382	-0.708516	1.29985
16.3151	0.0128081	-0.673857	1.40803
16.3404	0.0126735	-0.636639	1.53079
16.3643	0.0119503	-0.598493	1.66349
16.3869	0.0112779	-0.559385	1.80651
16.4056	0.00935352	-0.524356	1.94034
16.4216	0.00801327	-0.492252	2.06751
16.4359	0.00714186	-0.461843	2.19175
16.4489	0.00648109	-0.432647	2.31432
16.4619	0.00650928	-0.401658	2.44772
16.4738	0.00595535	-0.371726	2.57959
16.4847	0.00548357	-0.342726	2.71
16.4949	0.00509478	-0.314458	2.83942
16.5045	0.00476694	-0.286779	2.96817
16.5134	0.0044851	-0.259582	3.09645
16.5219	0.0042392	-0.23279	3.22437
16.53	0.00402217	-0.206342	3.352
16.5376	0.00382882	-0.180189	3.47936
16.5449	0.00365524	-0.154291	3.60645
16.5519	0.00349841	-0.128616	3.73324
16.5586	0.00335594	-0.103137	3.85971
16.5651	0.0032259	-0.0778296	3.98579
16.5713	0.00310674	-0.0526752	4.11143
16.5773	0.00299716	-0.0276564	4.23656
16.5831	0.00289608	-0.0027581	4.36111
16.5887	0.00280258	0.0220327	4.485
16.5941	0.0027159	0.0467277	4.60815
16.5994	0.00263535	0.0713374	4.73046
16.6045	0.00256038	0.0958709	4.85184
16.6095	0.00249049	0.120337	4.9722
16.6144	0.00242523	0.144743	5.09145
16.6191	0.00236423	0.169096	5.20947
16.6237	0.00230715	0.193403	5.32618
16.6282	0.0022537	0.21767	5.44146
16.6326	0.00220361	0.241902	5.55522
16.6369	0.00215665	0.266105	5.66733
16.6412	0.00211262	0.290284	5.7777
16.6453	0.00207131	0.314444	5.8862
16.6494	0.00203258	0.338588	5.99273
16.6534	0.00199627	0.362723	6.09717
16.6573	0.00196225	0.386852	6.1994
16.6611	0.00193039	0.41098	6.2993
16.6649	0.00190061	0.43511	6.39675
16.6687	0.0018728	0.459248	6.49163
16.6724	0.00184688	0.483397	6.58382
16.676	0.00182278	0.507562	6.67318
16.6796	0.00180044	0.531747	6.75958
16.6832	0.00177981	0.555958	6.84289
16.6867	0.00176084	0.580198	6.92298
16.6902	0.00174349	0.604472	6.99971
16.6936	0.00172775	0.628787	7.07293
16.6971	0.00171359	0.653147	7.14249
16.7005	0.001701	0.677558	7.20825
16.7039	0.00169	0.702027	7.27006
16.7072	0.00168059	0.726561	7.32774
16.7106	0.00167279	0.751167	7.38113
16.7139	0.00166664	0.775853	7.43007
16.7172	0.00166219	0.800628	7.47436
16.7205	0.00165951	0.825502	7.51381
16.7239	0.00165869	0.850486	7.54823
16.7272	0.00165982	0.875593	7.5774
16.7305	0.00166306	0.900837	7.60109
16.7338	0.00166856	0.926234	7.61905
16.7372	0.00167655	0.951803	7.63102
16.7406	0.00168728	0.977565	7.6367
16.744	0.00170109	1.00355	7.63577
16.7474	0.00171842	1.02978	7.62787
16.7509	0.00173981	1.05629	7.61258
16.7544	0.00176598	1.08314	7.58943
16.758	0.00179792	1.11038	7.55786
16.7617	0.00183695	1.13807	7.51719
16.7655	0.00188496	1.16632	7.46658
16.7693	0.00194476	1.19524	7.40497
16.7734	0.00202069	1.22502	7.33092
16.7776	0.00211998	1.25592	7.24242
16.7821	0.00225589	1.28836	7.13637
16.7871	0.00245639	1.32311	7.00746
16.7926	0.00279622	1.36185	6.84454
16.7999	0.00360867	1.41041	6.61072
16.8055	0.00283835	1.44737	6.41005
16.8105	0.00247903	1.4787	6.22415
16.8155	0.002491	1.50922	6.02866
16.82	0.00226558	1.53612	5.84439
16.8242	0.00211568	1.56048	5.66766
16.8283	0.00201526	1.58298	5.49591
16.8322	0.00194253	1.604	5.32789
16.8359	0.00188732	1.6238	5.16292
16.8396	0.00184425	1.64255	5.00063
16.8432	0.00181015	1.66036	4.84078
16.8468	0.00178298	1.67734	4.68326
16.8503	0.00176137	1.69357	4.52799
16.8538	0.00174431	1.7091	4.37494
16.8573	0.00173111	1.72398	4.22411
16.8607	0.00172121	1.73827	4.07552
16.8642	0.00171422	1.75199	3.9292
16.8676	0.0017098	1.76518	3.78517
16.871	0.0017077	1.77787	3.64349
16.8744	0.00170773	1.79007	3.50419
16.8778	0.00170973	1.80182	3.36732
16.8812	0.00171356	1.81313	3.23293
16.8847	0.00171913	1.82402	3.10107
16.8881	0.00172635	1.8345	2.97177
16.8916	0.00173516	1.84459	2.84508
16.8951	0.00174552	1.85431	2.72105
16.8986	0.00175739	1.86366	2.5997
16.9022	0.00177074	1.87265	2.48108
16.9057	0.00178556	1.88131	2.36522
16.9093	0.00180184	1.88962	2.25215
16.913	0.0018196	1.89762	2.14189
16.9166	0.00183883	1.9053	2.03448
16.9204	0.00185957	1.91267	1.92992
16.9241	0.00188183	1.91974	1.82824
16.9279	0.00190566	1.92652	1.72944
16.9318	0.00193108	1.93301	1.63355
16.9357	0.00195816	1.93923	1.54056
16.9397	0.00198694	1.94517	1.45048
16.9437	0.00201749	1.95084	1.36331
16.9478	0.00204988	1.95626	1.27904
16.952	0.00208419	1.96142	1.19766
16.9562	0.00212052	1.96633	1.11917
16.9606	0.00215896	1.971	1.04355
16.965	0.00219962	1.97543	0.970783
16.9694	0.00224264	1.97963	0.900844
16.974	0.00228813	1.98359	0.833711
16.9787	0.00233627	1.98734	0.769357
16.9835	0.00238721	1.99086	0.70775
16.9883	0.00244115	1.99417	0.648859
16.9933	0.00249828	1.99727	0.592645
16.9985	0.00255884	2.00017	0.53907
17.0037	0.00262308	2.00286	0.488091
17.0091	0.00269129	2.00536	0.439664
17.0146	0.00276378	2.00766	0.393741
17.0203	0.00284091	2.00977	0.350272
17.0261	0.00292307	2.0117	0.309206
17.0322	0.00301072	2.01344	0.270487
17.0384	0.00310435	2.01501	0.23406
17.0448	0.00320454	2.0164	0.199865
17.0514	0.00331193	2.01761	0.167841
17.0583	0.00342727	2.01866	0.137927
17.0654	0.0035514	2.01954	0.110057
17.0727	0.0036853	2.02025	0.0841673
17.0804	0.00383009	2.0208	0.0601887
17.0884	0.00398707	2.02119	0.0380528
17.0967	0.00415777	2.02142	0.0176896
17.1054	0.00434398	2.0215	-0.000972574
17.1145	0.00454782	2.02141	-0.0180062
17.124	0.00477181	2.02116	-0.0334849
17.1341	0.00501897	2.02075	-0.0474833
17.1446	0.00529295	2.02018	-0.0600769
17.1558	0.00559822	2.01945	-0.071342
17.1677	0.00594028	2.01854	-0.0813557
17.1804	0.00632601	2.01745	-0.0901957
17.1939	0.00676406	2.01618	-0.0979405
17.2084	0.00726553	2.0147	-0.104669
17.2241	0.00784485	2.01301	-0.110461
17.2412	0.00852114	2.01109	-0.115397
17.2598	0.00932021	2.0089	-0.119558
17.2804	0.0102778	2.0064	-0.123026
17.3032	0.0114448	2.00355	-0.125885
17.329	0.0128962	2.00027	-0.12822
17.3585	0.0147469	1.99646	-0.13012
17.3929	0.0171827	1.99196	-0.131678
17.4339	0.0205259	1.98653	-0.132998
17.4847	0.0253935	1.97974	-0.134202
17.5511	0.0331685	1.9708	-0.135456
17.6472	0.0480769	1.9577	-0.137068
17.8247	0.0887178	1.93312	-0.14001
17.9987	0.0870109	1.90849	-0.143069
18.1576	0.0794746	1.88551	-0.146056
18.309	0.0756839	1.86317	-0.149092
18.4544	0.0726839	1.84128	-0.152203
18.5944	0.0699971	1.81975	-0.155401
18.7293	0.0674753	1.79856	-0.158693
18.8595	0.0650747	1.77768	-0.162084
18.985	0.0627791	1.75711	-0.165581
19.1062	0.0605802	1.73684	-0.169188
19.2231	0.0584719	1.71683	-0.172914
19.336	0.0564489	1.6971	-0.176763
19.445	0.0545065	1.67761	-0.180744
19.5503	0.0526403	1.65837	-0.184864
19.652	0.0508462	1.63935	-0.189131
19.7502	0.0491207	1.62056	-0.193554
19.8452	0.04746	1.60197	-0.198142
19.9369	0.045861	1.58358	-0.202904
20.0255	0.0443207	1.56538	-0.207853
20.1112	0.0428364	1.54735	-0.212998
20.194	0.0414053	1.52949	-0.218353
20.2741	0.0400252	1.51179	-0.22393
20.3515	0.0386937	1.49424	-0.229743
20.4263	0.0374088	1.47683	-0.235807
20.4986	0.0361686	1.45954	-0.24214
20.5686	0.0349712	1.44238	-0.248757
20.6362	0.0338151	1.42532	-0.255678
20.7016	0.0326986	1.40837	-0.262923
20.7648	0.0316202	1.3915	-0.270514
20.826	0.0305787	1.37472	-0.278474
20.8851	0.0295728	1.358	-0.286828
20.9423	0.0286012	1.34135	-0.295604
20.9976	0.0276629	1.32474	-0.304831
21.0512	0.0267569	1.30817	-0.314542
21.1029	0.0258821	1.29163	-0.32477
21.153	0.0250376	1.2751	-0.335553
21.2014	0.0242225	1.25857	-0.346932
21.2483	0.0234362	1.24203	-0.35895
21.2937	0.0226777	1.22546	-0.371655
21.3376	0.0219464	1.20886	-0.3851
21.3801	0.0212416	1.1922	-0.39934
21.4212	0.0205627	1.17547	-0.414437
21.461	0.019909	1.15865	-0.430459
21.4996	0.0192801	1.14173	-0.447479
21.5369	0.0186755	1.12468	-0.465577
21.5731	0.0180946	1.10749	-0.484844
21.6082	0.0175371	1.09013	-0.505375
21.6422	0.0170028	1.07257	-0.527279
21.6752	0.0164912	1.0548	-0.550675
21.7072	0.0160023	1.03678	-0.575697
21.7382	0.015536	1.01848	-0.602494
21.7684	0.0150924	0.999867	-0.631231
21.7978	0.0146717	0.980898	-0.662099
21.8263	0.0142743	0.961527	-0.695312
21.8541	0.0139011	0.941705	-0.731118
21.8812	0.0135529	0.92137	-0.769803
21.9077	0.0132317	0.900451	-0.811703
21.9336	0.0129396	0.878864	-0.85722
21.9589	0.0126802	0.856503	-0.906841
21.9838	0.0124587	0.83324	-0.961168
22.0084	0.0122831	0.808903	-1.02097
22.0327	0.012166	0.783266	-1.08727
22.057	0.0121287	0.756005	-1.16149
22.0814	0.01221	0.726628	-1.24573
22.1064	0.0124903	0.694308	-1.34347
22.1326	0.0130963	0.657609	-1.46079
22.1573	0.0123577	0.619961	-1.58796
22.1806	0.0116461	0.581403	-1.72514
22.2026	0.011003	0.54184	-1.87288
22.2198	0.00859433	0.508548	-2.00243
22.2349	0.00755796	0.477342	-2.12798
22.2485	0.00680114	0.447567	-2.25129
22.2622	0.00683617	0.415874	-2.38611
22.2746	0.00621263	0.385409	-2.51895
22.286	0.00568972	0.356006	-2.64997
22.2965	0.00526546	0.327421	-2.7798
22.3063	0.00491174	0.299485	-2.90883
22.3156	0.00461016	0.272077	-3.03731
22.3243	0.00434871	0.245107	-3.16538
22.3325	0.00411909	0.218507	-3.29314
22.3403	0.00391537	0.192223	-3.42063
22.3478	0.00373309	0.166211	-3.54784
22.3549	0.00356886	0.140437	-3.67477
22.3618	0.00342003	0.114871	-3.8014
22.3683	0.00328447	0.0894868	-3.92766
22.3747	0.00316047	0.0642643	-4.05351
22.3808	0.00304661	0.0391848	-4.17889
22.3866	0.00294173	0.0142327	-4.30372
22.3923	0.00284484	-0.0106062	-4.42792
22.3978	0.00275509	-0.0353441	-4.55142
22.4032	0.00267179	-0.0599919	-4.67412
22.4084	0.00259432	-0.0845594	-4.79595
22.4134	0.00252214	-0.109056	-4.91679
22.4183	0.00245479	-0.133488	-5.03657
22.4231	0.00239187	-0.157865	-5.15517
22.4278	0.00233302	-0.182193	-5.2725
22.4323	0.00227794	-0.206477	-5.38845
22.4368	0.00222633	-0.230725	-5.50292
22.4411	0.00217795	-0.254941	-5.61581
22.4454	0.00213259	-0.27913	-5.72699
22.4496	0.00209004	-0.303298	-5.83637
22.4537	0.00205014	-0.327449	-5.94382
22.4577	0.00201273	-0.351588	-6.04924
22.4617	0.00197767	-0.375719	-6.1525
22.4656	0.00194483	-0.399847	-6.25349
22.4694	0.0019141	-0.423975	-6.35209
22.4732	0.00188539	-0.448109	-6.44818
22.4769	0.00185861	-0.472252	-6.54162
22.4805	0.00183368	-0.496409	-6.6323
22.4842	0.00181054	-0.520585	-6.72008
22.4877	0.00178912	-0.544783	-6.80484
22.4913	0.00176939	-0.569009	-6.88643
22.4948	0.00175129	-0.593267	-6.96473
22.4982	0.00173481	-0.617562	-7.03958
22.5017	0.00171993	-0.641901	-7.11085
22.5051	0.00170662	-0.666287	-7.17839
22.5085	0.00169488	-0.690729	-7.24204
22.5119	0.00168473	-0.715232	-7.30164
22.5152	0.00167619	-0.739804	-7.35704
22.5186	0.00166927	-0.764451	-7.40805
22.5219	0.00166403	-0.789184	-7.45451
22.5252	0.00166053	-0.814011	-7.49622
22.5285	0.00165883	-0.838943	-7.53299
22.5318	0.00165905	-0.863992	-7.5646
22.5352	0.0016613	-0.889171	-7.59085
22.5385	0.00166573	-0.914495	-7.61149
22.5418	0.00167254	-0.939982	-7.62626
22.5452	0.00168197	-0.965652	-7.63488
22.5486	0.00169431	-0.991529	-7.63704
22.552	0.00170996	-1.01764	-7.63241
22.5555	0.00172939	-1.04402	-7.62058
22.559	0.00175326	-1.07071	-7.60112
22.5625	0.00178239	-1.09776	-7.57351
22.5662	0.00181795	-1.12523	-7.53713
22.5699	0.00186154	-1.15321	-7.49122
22.5737	0.00191547	-1.1818	-7.43484
22.5777	0.00198328	-1.21116	-7.36674
22.5818	0.00207062	-1.2415	-7.28521
22.5862	0.00218737	-1.27316	-7.18774
22.5909	0.00235292	-1.30671	-7.07028
22.5961	0.00261293	-1.34329	-6.92515
22.6024	0.00311857	-1.38589	-6.73296
22.6091	0.00334942	-1.43024	-6.50557
22.6143	0.00262912	-1.46395	-6.31354
22.619	0.00235682	-1.49328	-6.13254
22.6238	0.00236293	-1.52182	-5.94379
22.6282	0.00218836	-1.54744	-5.76346
22.6323	0.00206565	-1.57089	-5.58921
22.6362	0.0019796	-1.59268	-5.41926
22.6401	0.0019157	-1.61313	-5.25269
22.6438	0.00186649	-1.63243	-5.08897
22.6475	0.00182781	-1.65074	-4.92781
22.6511	0.00179706	-1.66817	-4.76903
22.6546	0.00177255	-1.6848	-4.61253
22.6581	0.00175311	-1.7007	-4.45827
22.6616	0.00173788	-1.71593	-4.30623
22.665	0.00172624	-1.73054	-4.15641
22.6685	0.0017177	-1.74456	-4.00885
22.6719	0.00171191	-1.75804	-3.86356
22.6753	0.00170857	-1.771	-3.72059
22.6787	0.00170746	-1.78346	-3.57999
22.6821	0.0017084	-1.79546	-3.44178
22.6856	0.00171125	-1.807	-3.30604
22.689	0.00171588	-1.81812	-3.17279
22.6924	0.0017222	-1.82882	-3.04208
22.6959	0.00173016	-1.83913	-2.91396
22.6994	0.00173967	-1.84905	-2.78847
22.7029	0.00175072	-1.85859	-2.66565
22.7064	0.00176326	-1.86778	-2.54554
22.71	0.00177728	-1.87662	-2.42817
22.7136	0.00179276	-1.88512	-2.31357
22.7172	0.00180972	-1.89329	-2.20177
22.7208	0.00182814	-1.90114	-2.0928
22.7245	0.00184806	-1.90868	-1.98668
22.7283	0.00186948	-1.91591	-1.88342
22.732	0.00189245	-1.92285	-1.78305
22.7359	0.00191699	-1.9295	-1.68557
22.7398	0.00194316	-1.93587	-1.591
22.7437	0.001971	-1.94196	-1.49933
22.7477	0.00200058	-1.94778	-1.41057
22.7518	0.00203195	-1.95333	-1.32471
22.7559	0.0020652	-1.95863	-1.24176
22.7601	0.00210042	-1.96368	-1.16169
22.7644	0.00213769	-1.96848	-1.08451
22.7687	0.00217713	-1.97304	-1.01018
22.7732	0.00221884	-1.97736	-0.938699
22.7777	0.00226296	-1.98145	-0.870037
22.7823	0.00230964	-1.98532	-0.804168
22.787	0.00235903	-1.98896	-0.741065
22.7919	0.0024113	-1.99239	-0.680695
22.7968	0.00246666	-1.99561	-0.623023
22.8018	0.00252532	-1.99861	-0.568011
22.807	0.00258752	-2.00141	-0.51562
22.8123	0.00265352	-2.00402	-0.465804
22.8178	0.00272363	-2.00642	-0.418519
22.8234	0.00279818	-2.00864	-0.373716
22.8291	0.00287754	-2.01067	-0.331344
22.835	0.00296213	-2.01251	-0.29135
22.8412	0.00305243	-2.01417	-0.253678
22.8474	0.00314896	-2.01566	-0.218271
22.854	0.00325233	-2.01697	-0.185069
22.8607	0.00336323	-2.01811	-0.15401
22.8676	0.00348245	-2.01908	-0.125032
22.8749	0.00361088	-2.01988	-0.0980688
22.8824	0.00374957	-2.02052	-0.0730544
22.8902	0.00389972	-2.021	-0.0499206
22.8983	0.00406272	-2.02132	-0.0285978
22.9068	0.00424022	-2.02148	-0.00901533
22.9156	0.00443415	-2.02148	0.00889881
22.9249	0.00464679	-2.02132	0.0252177
22.9347	0.00488088	-2.021	0.0400154
22.945	0.00513971	-2.02051	0.053367
22.9558	0.00542728	-2.01987	0.0653483
22.9673	0.00574849	-2.01906	0.0760361
22.9795	0.00610942	-2.01807	0.0855075
22.9926	0.00651768	-2.0169	0.0938408
23.0065	0.00698296	-2.01553	0.101115
23.0216	0.00751772	-2.01396	0.107408
23.0379	0.00813833	-2.01217	0.112802
23.0556	0.00886662	-2.01013	0.117376
23.0751	0.00973244	-2.00781	0.121212
23.0966	0.0107776	-2.00516	0.124394
23.1207	0.0120624	-2.00212	0.127004
23.1481	0.0136774	-1.99862	0.12913
23.1796	0.0157645	-1.99452	0.130863
23.2167	0.0185599	-1.98963	0.1323
23.2617	0.0224899	-1.98365	0.13355
23.3186	0.0284222	-1.97603	0.134751
23.3956	0.0385296	-1.96559	0.136112
23.5188	0.0615899	-1.9487	0.138141
23.6878	0.0844768	-1.92512	0.140989
23.8514	0.0818399	-1.90181	0.143925
24.0069	0.0777356	-1.8792	0.146901
24.1562	0.0746523	-1.85704	0.14995
24.3	0.0718776	-1.83526	0.153082
24.4385	0.0692733	-1.81383	0.156305
24.5721	0.0667952	-1.79273	0.159624
24.701	0.0644267	-1.77194	0.163044
24.8253	0.0621591	-1.75146	0.166571
24.9452	0.059986	-1.73126	0.17021
25.0611	0.0579019	-1.71133	0.17397
25.1729	0.0559018	-1.69166	0.177855
25.2808	0.0539809	-1.67225	0.181874
25.3851	0.0521352	-1.65307	0.186033
25.4858	0.0503605	-1.63412	0.190343
25.5831	0.0486533	-1.61538	0.19481
25.6771	0.0470101	-1.59685	0.199446
25.768	0.0454277	-1.57851	0.204259
25.8558	0.0439032	-1.56036	0.209261
25.9407	0.0424339	-1.54238	0.214463
26.0227	0.0410172	-1.52456	0.219878
26.102	0.0396507	-1.50691	0.225519
26.1787	0.0383324	-1.48939	0.231401
26.2528	0.0370601	-1.47202	0.237538
26.3244	0.035832	-1.45477	0.243947
26.3937	0.0346462	-1.43763	0.250647
26.4607	0.0335012	-1.42061	0.257656
26.5255	0.0323955	-1.40368	0.264995
26.5882	0.0313275	-1.38684	0.272685
26.6488	0.030296	-1.37007	0.280752
26.7074	0.0292997	-1.35337	0.289221
26.7641	0.0283375	-1.33673	0.298119
26.8189	0.0274082	-1.32014	0.307477
26.8719	0.0265109	-1.30358	0.317328
26.9232	0.0256446	-1.28704	0.327706
26.9728	0.0248084	-1.27051	0.33865
27.0208	0.0240014	-1.25398	0.350202
27.0672	0.0232229	-1.23743	0.362406
27.1122	0.022472	-1.22086	0.375311
27.1557	0.0217481	-1.20424	0.38897
27.1978	0.0210506	-1.18756	0.403442
27.2385	0.0203787	-1.17081	0.418789
27.278	0.019732	-1.15397	0.43508
27.3162	0.0191099	-1.13701	0.452391
27.3533	0.0185118	-1.11992	0.470805
27.3891	0.0179375	-1.10269	0.490412
27.4239	0.0173865	-1.08527	0.511313
27.4576	0.0168585	-1.06766	0.533619
27.4903	0.0163532	-1.04982	0.557452
27.5221	0.0158706	-1.03173	0.582951
27.5529	0.0154106	-1.01335	0.610269
27.5828	0.0149733	-0.994639	0.639578
27.612	0.014559	-0.975563	0.671074
27.6403	0.0141683	-0.956072	0.704981
27.6679	0.0138018	-0.936114	0.741555
27.6948	0.013461	-0.915624	0.781096
27.7211	0.0131475	-0.894529	0.823957
27.7468	0.0128641	-0.872739	0.870561
27.7721	0.0126146	-0.850142	0.921421
27.7969	0.0124049	-0.8266	0.977182
27.8214	0.012244	-0.801928	1.03867
27.8457	0.0121464	-0.775878	1.10701
27.8699	0.012137	-0.748089	1.18375
27.8945	0.0122627	-0.718	1.27131
27.9197	0.0126247	-0.684628	1.37377
27.9455	0.0128922	-0.647687	1.49364
27.9698	0.0121613	-0.609807	1.62342
27.9928	0.0114687	-0.570991	1.76335
28.0144	0.010843	-0.531144	1.91399
28.0309	0.00821923	-0.498643	2.04186
28.0455	0.0072992	-0.467935	2.16657
28.0587	0.0066031	-0.43852	2.28941
28.0719	0.00663373	-0.407266	2.42333
28.0841	0.006054	-0.377132	2.55556
28.0952	0.00556309	-0.347977	2.6862
28.1055	0.00516088	-0.319588	2.81577
28.1152	0.00482318	-0.291809	2.94463
28.1242	0.00453378	-0.264531	3.07298
28.1328	0.0042819	-0.23767	3.20097
28.1409	0.00406002	-0.211163	3.32865
28.1486	0.00386265	-0.184959	3.45605
28.156	0.0036857	-0.159017	3.58319
28.1631	0.003526	-0.133303	3.71004
28.1698	0.00338105	-0.10779	3.83657
28.1763	0.00324887	-0.0824525	3.96273
28.1826	0.00312782	-0.0572715	4.08845
28.1886	0.00301657	-0.032229	4.21368
28.1944	0.002914	-0.00730966	4.33835
28.2001	0.00281918	0.0174999	4.46236
28.2055	0.0027313	0.0422117	4.58565
28.2108	0.00264967	0.0668362	4.70812
28.216	0.00257372	0.0913831	4.82968
28.221	0.00250293	0.115861	4.95023
28.2259	0.00243685	0.140277	5.06969
28.2306	0.0023751	0.16464	5.18795
28.2352	0.00231733	0.188955	5.30491
28.2398	0.00226323	0.213228	5.42046
28.2442	0.00221255	0.237467	5.5345
28.2485	0.00216503	0.261674	5.64692
28.2528	0.00212047	0.285857	5.75761
28.2569	0.00207868	0.31002	5.86647
28.261	0.00203949	0.334167	5.97337
28.265	0.00200274	0.358304	6.0782
28.2689	0.00196831	0.382433	6.18084
28.2728	0.00193607	0.406561	6.28118
28.2766	0.00190592	0.43069	6.37909
28.2804	0.00187775	0.454826	6.47445
28.2841	0.00185149	0.478973	6.56714
28.2877	0.00182706	0.503135	6.65702
28.2913	0.00180441	0.527316	6.74398
28.2949	0.00178346	0.551522	6.82787
28.2984	0.00176419	0.575756	6.90856
28.3019	0.00174655	0.600024	6.98591
28.3054	0.00173051	0.624331	7.05978
28.3088	0.00171606	0.648682	7.13003
28.3122	0.00170319	0.673083	7.1965
28.3156	0.0016919	0.697541	7.25904
28.319	0.00168219	0.722063	7.31749
28.3223	0.0016741	0.746655	7.37168
28.3257	0.00166764	0.771325	7.42144
28.329	0.00166288	0.796083	7.4666
28.3323	0.00165987	0.820938	7.50695
28.3356	0.0016587	0.845901	7.54231
28.3389	0.00165946	0.870985	7.57246
28.3423	0.0016623	0.896203	7.59717
28.3456	0.00166738	0.92157	7.6162
28.349	0.00167489	0.947106	7.62928
28.3523	0.0016851	0.972831	7.63614
28.3557	0.00169832	0.99877	7.63645
28.3592	0.00171496	1.02495	7.62986
28.3626	0.00173556	1.05141	7.61595
28.3661	0.00176079	1.0782	7.59428
28.3697	0.00179159	1.10536	7.5643
28.3734	0.00182919	1.13296	7.52535
28.3771	0.00187539	1.1611	7.47663
28.381	0.00193276	1.18989	7.41713
28.385	0.0020053	1.21949	7.34549
28.3892	0.00209957	1.25016	7.25982
28.3937	0.00222732	1.28228	7.1573
28.3985	0.0024126	1.31651	7.03315
28.4039	0.00271628	1.35431	6.87785
28.4107	0.00337492	1.40002	6.66359
28.4167	0.00301488	1.43957	6.45408
28.4218	0.00254474	1.47194	6.26549
28.4264	0.00230555	1.50042	6.08649
28.431	0.0023101	1.52812	5.90043
28.4353	0.00215448	1.55316	5.7218
28.4394	0.00204268	1.57618	5.54869
28.4433	0.00196285	1.59763	5.3796
28.4472	0.00190293	1.61779	5.21374
28.4509	0.00185651	1.63685	5.05064
28.4545	0.00181989	1.65494	4.89006
28.4581	0.00179075	1.67217	4.73182
28.4616	0.00176754	1.68862	4.57586
28.4651	0.00174916	1.70436	4.42212
28.4686	0.00173482	1.71944	4.27061
28.472	0.00172395	1.7339	4.12132
28.4755	0.0017161	1.7478	3.97429
28.4789	0.00171091	1.76115	3.82955
28.4823	0.00170812	1.77399	3.68713
28.4857	0.00170751	1.78634	3.54709
28.4891	0.00170891	1.79823	3.40947
28.4926	0.00171218	1.80967	3.27431
28.496	0.00171722	1.82069	3.14165
28.4994	0.00172394	1.83129	3.01155
28.5029	0.00173227	1.84151	2.88405
28.5064	0.00174215	1.85134	2.75919
28.5099	0.00175355	1.8608	2.63701
28.5134	0.00176644	1.8699	2.51754
28.517	0.00178081	1.87866	2.40082
28.5206	0.00179664	1.88708	2.28688
28.5242	0.00181394	1.89518	2.17575
28.5279	0.00183271	1.90295	2.06745
28.5316	0.00185298	1.91042	1.96201
28.5353	0.00187477	1.91758	1.85943
28.5391	0.00189811	1.92445	1.75974
28.543	0.00192303	1.93103	1.66295
28.5469	0.00194959	1.93733	1.56906
28.5508	0.00197783	1.94336	1.47808
28.5549	0.00200783	1.94911	1.39001
28.5589	0.00203964	1.95461	1.30484
28.5631	0.00207335	1.95985	1.22257
28.5673	0.00210904	1.96484	1.14319
28.5716	0.00214681	1.96958	1.06668
28.576	0.00218678	1.97408	0.993026
28.5804	0.00222905	1.97835	0.922212
28.585	0.00227376	1.98239	0.854213
28.5896	0.00232107	1.9862	0.789001
28.5944	0.00237112	1.98979	0.726546
28.5992	0.00242411	1.99317	0.666817
28.6042	0.00248022	1.99633	0.609778
28.6092	0.0025397	1.99929	0.55539
28.6144	0.00260277	2.00205	0.503611
28.6198	0.00266971	2.0046	0.454398
28.6253	0.00274084	2.00697	0.407705
28.6309	0.00281649	2.00914	0.363481
28.6367	0.00289705	2.01112	0.321676
28.6427	0.00298295	2.01292	0.282236
28.6488	0.00307466	2.01454	0.245105
28.6552	0.00317276	2.01598	0.210224
28.6617	0.00327784	2.01725	0.177535
28.6685	0.00339064	2.01835	0.146974
28.6755	0.00351195	2.01928	0.118478
28.6828	0.00364271	2.02005	0.0919814
28.6904	0.00378399	2.02065	0.0674178
28.6982	0.00393704	2.02109	0.0447185
28.7065	0.00410331	2.02137	0.0238136
28.715	0.00428451	2.02149	0.0046321
28.724	0.00448264	2.02145	-0.0128983
28.7334	0.00470009	2.02125	-0.0288508
28.7433	0.0049397	2.0209	-0.0432998
28.7537	0.00520494	2.02038	-0.0563205
28.7647	0.00549998	2.01969	-0.0679891
28.7763	0.00582998	2.01884	-0.0783822
28.7887	0.00620135	2.01781	-0.0875776
28.802	0.00662213	2.01659	-0.0956533
28.8162	0.00710258	2.01518	-0.102688
28.8315	0.00765599	2.01356	-0.108762
28.8481	0.00829984	2.01171	-0.113954
28.8662	0.00905759	2.00961	-0.118347
28.8861	0.00996148	2.00721	-0.122021
28.9083	0.011057	2.00448	-0.125059
28.9331	0.0124102	2.00134	-0.127547
28.9613	0.0141215	1.99771	-0.129572
28.994	0.0163498	1.99344	-0.131226
29.0327	0.0193645	1.98833	-0.132607
29.0801	0.0236635	1.98203	-0.133832
29.1407	0.0302995	1.97388	-0.135048
29.2249	0.0421121	1.96244	-0.136497
29.3722	0.0736509	1.94216	-0.138921
29.535	0.081386	1.91932	-0.141707
29.6948	0.0799339	1.89644	-0.14462
29.8484	0.0767746	1.874	-0.147604
29.9963	0.073935	1.85195	-0.150669
30.1387	0.0712469	1.83026	-0.153822
30.2761	0.0686846	1.80891	-0.157066
30.4086	0.0662356	1.78788	-0.160408
30.5364	0.0638919	1.76717	-0.163852
30.6597	0.061647	1.74675	-0.167404
30.7787	0.059495	1.72661	-0.171071
30.8935	0.0574308	1.70675	-0.174859
31.0044	0.0554494	1.68714	-0.178775
31.1115	0.0535464	1.66778	-0.182825
31.2149	0.0517174	1.64865	-0.187019
31.3149	0.0499587	1.62975	-0.191364
31.4114	0.0482666	1.61106	-0.19587
31.5047	0.0466378	1.59258	-0.200546
31.5948	0.0450691	1.57428	-0.205402
31.6819	0.0435576	1.55617	-0.210449
31.7661	0.0421007	1.53823	-0.215699
31.8475	0.0406959	1.52046	-0.221166
31.9262	0.0393408	1.50283	-0.226861
32.0023	0.0380333	1.48535	-0.2328
32.0758	0.0367714	1.46801	-0.238999
32.1469	0.0355533	1.45078	-0.245474
32.2157	0.0343771	1.43368	-0.252244
32.2822	0.0332414	1.41667	-0.259327
32.3464	0.0321445	1.39976	-0.266746
32.4086	0.0310851	1.38294	-0.274522
32.4687	0.0300619	1.36619	-0.282679
32.5269	0.0290736	1.34951	-0.291245
32.5831	0.0281191	1.33288	-0.300247
32.6375	0.0271973	1.31629	-0.309716
32.6901	0.0263073	1.29974	-0.319686
32.741	0.0254481	1.2832	-0.330192
32.7903	0.0246187	1.26668	-0.341273
32.8379	0.0238184	1.25014	-0.352972
32.884	0.0230463	1.23359	-0.365334
32.9286	0.0223018	1.21701	-0.378409
32.9718	0.021584	1.20038	-0.392252
33.0135	0.0208925	1.18369	-0.406921
33.054	0.0202265	1.16691	-0.42248
33.0932	0.0195855	1.15004	-0.439001
33.1311	0.018969	1.13306	-0.45656
33.1679	0.0183766	1.11594	-0.475242
33.2035	0.0178077	1.09866	-0.49514
33.238	0.017262	1.08121	-0.516356
33.2715	0.0167393	1.06355	-0.539005
33.304	0.0162393	1.04565	-0.563212
33.3355	0.0157619	1.02749	-0.589118
33.3661	0.0153072	1.00904	-0.616881
33.3959	0.0148752	0.990249	-0.646679
33.4248	0.0144663	0.971082	-0.678713
33.4529	0.0140811	0.951488	-0.713214
33.4804	0.0137205	0.931412	-0.750448
33.5072	0.0133858	0.91079	-0.790726
33.5333	0.013079	0.889542	-0.834414
33.5589	0.0128031	0.867575	-0.881954
33.584	0.0125622	0.844773	-0.933888
33.6088	0.0123629	0.820987	-0.990896
33.6332	0.012215	0.796021	-1.05386
33.6575	0.0121351	0.769605	-1.12398
33.6818	0.0121517	0.741343	-1.20298
33.7064	0.0123199	0.710604	-1.29353
33.7319	0.0127642	0.676241	-1.4004
33.7574	0.0127212	0.639085	-1.52251
33.7814	0.0119963	0.600998	-1.65457
33.804	0.0113195	0.561956	-1.7969
33.823	0.00947947	0.52663	-1.93149
33.8391	0.00808353	0.494386	-2.05893
33.8535	0.00719357	0.463879	-2.18332
33.8666	0.00652134	0.434611	-2.30598
33.8797	0.00655031	0.403535	-2.43955
33.8916	0.00598797	0.373536	-2.57154
33.9027	0.00550993	0.344485	-2.70202
33.9129	0.00511672	0.316177	-2.83149
33.9225	0.00478563	0.288465	-2.96027
33.9315	0.0045013	0.261241	-3.08858
33.94	0.00425342	0.234426	-3.21652
33.9481	0.00403478	0.207959	-3.34417
33.9557	0.00384009	0.181788	-3.47154
33.9631	0.00366539	0.155876	-3.59865
33.9701	0.00350761	0.130188	-3.72546
33.9768	0.00336432	0.104697	-3.85195
33.9833	0.00323357	0.0793802	-3.97805
33.9895	0.00311378	0.0542169	-4.10372
33.9955	0.00300364	0.0291902	-4.22889
34.0013	0.00290206	0.00428488	-4.35348
34.0069	0.00280812	-0.0205122	-4.47741
34.0124	0.00272104	-0.0452128	-4.6006
34.0177	0.00264014	-0.0698274	-4.72296
34.0228	0.00256484	-0.0943654	-4.84441
34.0278	0.00249465	-0.118835	-4.96484
34.0326	0.00242911	-0.143245	-5.08415
34.0374	0.00236786	-0.167601	-5.20226
34.042	0.00231055	-0.191911	-5.31905
34.0465	0.00225689	-0.21618	-5.43442
34.0509	0.0022066	-0.240414	-5.54827
34.0552	0.00215945	-0.264619	-5.66049
34.0595	0.00211524	-0.288799	-5.77097
34.0636	0.00207378	-0.312959	-5.87959
34.0677	0.00203489	-0.337105	-5.98624
34.0717	0.00199843	-0.36124	-6.09081
34.0756	0.00196427	-0.385369	-6.19318
34.0795	0.00193229	-0.409497	-6.29323
34.0833	0.00190238	-0.433627	-6.39084
34.087	0.00187445	-0.457764	-6.48588
34.0907	0.00184842	-0.481913	-6.57823
34.0944	0.00182421	-0.506077	-6.66777
34.098	0.00180177	-0.53026	-6.75436
34.1015	0.00178103	-0.554469	-6.83787
34.1051	0.00176195	-0.578707	-6.91816
34.1085	0.00174451	-0.60298	-6.99509
34.112	0.00172867	-0.627291	-7.06853
34.1154	0.00171441	-0.651649	-7.13833
34.1188	0.00170173	-0.676057	-7.20433
34.1222	0.00169063	-0.700522	-7.26638
34.1256	0.00168112	-0.725052	-7.32432
34.1289	0.00167322	-0.749653	-7.37798
34.1323	0.00166697	-0.774333	-7.42719
34.1356	0.00166242	-0.799103	-7.47177
34.1389	0.00165963	-0.82397	-7.51153
34.1422	0.00165868	-0.848947	-7.54627
34.1455	0.00165969	-0.874046	-7.57576
34.1489	0.0016628	-0.899281	-7.59979
34.1522	0.00166816	-0.924669	-7.61812
34.1556	0.00167598	-0.950226	-7.63046
34.1589	0.00168654	-0.975976	-7.63654
34.1623	0.00170015	-1.00194	-7.63603
34.1658	0.00171724	-1.02816	-7.62857
34.1692	0.00173836	-1.05466	-7.61375
34.1728	0.00176422	-1.08148	-7.59109
34.1764	0.00179577	-1.10869	-7.56006
34.18	0.00183431	-1.13636	-7.51996
34.1838	0.00188171	-1.16456	-7.46999
34.1877	0.00194067	-1.19344	-7.40909
34.1917	0.00201544	-1.22316	-7.33586
34.1959	0.002113	-1.25398	-7.24832
34.2004	0.00224608	-1.28631	-7.14347
34.2053	0.00244125	-1.32088	-7.0162
34.2108	0.00276816	-1.35929	-6.85593
34.2179	0.00352233	-1.4068	-6.62929
34.2237	0.00289494	-1.4446	-6.42583
34.2287	0.00250181	-1.47628	-6.239
34.2332	0.00227953	-1.50432	-6.061
34.2378	0.00228344	-1.53158	-5.87629
34.2421	0.00213693	-1.55632	-5.69853
34.2461	0.00203057	-1.57911	-5.52601
34.25	0.00195392	-1.60038	-5.35739
34.2538	0.00189609	-1.62038	-5.19192
34.2575	0.00185114	-1.6393	-5.02917
34.2612	0.00181563	-1.65727	-4.8689
34.2647	0.00178735	-1.6744	-4.71097
34.2683	0.00176483	-1.69075	-4.55531
34.2718	0.00174703	-1.7064	-4.40186
34.2752	0.00173319	-1.72139	-4.25064
34.2787	0.00172274	-1.73578	-4.10166
34.2821	0.00171526	-1.7496	-3.95493
34.2855	0.0017104	-1.76288	-3.81049
34.289	0.00170791	-1.77566	-3.66839
34.2924	0.00170758	-1.78795	-3.52867
34.2958	0.00170924	-1.79977	-3.39137
34.2992	0.00171275	-1.81116	-3.25654
34.3026	0.00171802	-1.82212	-3.12422
34.3061	0.00172495	-1.83267	-2.99446
34.3096	0.00173349	-1.84283	-2.86731
34.3131	0.00174358	-1.85262	-2.7428
34.3166	0.00175518	-1.86203	-2.62098
34.3201	0.00176827	-1.87109	-2.50187
34.3237	0.00178283	-1.8798	-2.38552
34.3273	0.00179885	-1.88818	-2.27196
34.3309	0.00181635	-1.89623	-2.1612
34.3346	0.00183532	-1.90396	-2.05328
34.3383	0.00185579	-1.91139	-1.94821
34.342	0.00187778	-1.91851	-1.84602
34.3458	0.00190133	-1.92534	-1.74672
34.3497	0.00192646	-1.93188	-1.65031
34.3536	0.00195324	-1.93815	-1.55681
34.3576	0.00198172	-1.94414	-1.46621
34.3616	0.00201195	-1.94986	-1.37853
34.3657	0.00204401	-1.95532	-1.29374
34.3698	0.00207797	-1.96053	-1.21186
34.3741	0.00211394	-1.96548	-1.13286
34.3784	0.00215199	-1.97019	-1.05673
34.3827	0.00219226	-1.97466	-0.983455
34.3872	0.00223484	-1.9789	-0.913017
34.3918	0.00227989	-1.98291	-0.845389
34.3964	0.00232755	-1.98669	-0.780545
34.4012	0.00237799	-1.99025	-0.718455
34.406	0.00243138	-1.9936	-0.659085
34.411	0.00248793	-1.99674	-0.602401
34.4161	0.00254786	-1.99967	-0.548361
34.4213	0.00261143	-2.0024	-0.496926
34.4267	0.00267892	-2.00493	-0.448051
34.4322	0.00275062	-2.00727	-0.401688
34.4379	0.0028269	-2.00941	-0.357789
34.4437	0.00290814	-2.01137	-0.316301
34.4497	0.00299478	-2.01315	-0.277171
34.4558	0.00308731	-2.01474	-0.240342
34.4622	0.0031863	-2.01616	-0.205757
34.4688	0.00329237	-2.01741	-0.173353
34.4756	0.00340624	-2.01849	-0.14307
34.4827	0.00352875	-2.01939	-0.114844
34.49	0.00366084	-2.02014	-0.0886082
34.4976	0.00380361	-2.02072	-0.0642963
34.5055	0.00395833	-2.02114	-0.0418394
34.5138	0.00412648	-2.0214	-0.0211676
34.5224	0.00430981	-2.0215	-0.00220962
34.5314	0.00451036	-2.02144	0.0151069
34.5409	0.00473057	-2.02122	0.0308553
34.5508	0.00497338	-2.02084	0.0451103
34.5613	0.00524232	-2.0203	0.057947
34.5724	0.00554168	-2.01959	0.0694416
34.5841	0.00587678	-2.01871	0.0796711
34.5966	0.0062542	-2.01766	0.0887132
34.61	0.00668226	-2.01642	0.0966461
34.6243	0.00717157	-2.01498	0.103549
34.6398	0.00773588	-2.01333	0.109501
34.6566	0.00839335	-2.01145	0.114582
34.6749	0.00916842	-2.00931	0.118874
34.6951	0.0100948	-2.00687	0.122459
34.7176	0.0112201	-2.00409	0.125419
34.7428	0.0126142	-2.00089	0.127841
34.7716	0.0143833	-1.99718	0.129811
34.805	0.0166972	-1.99282	0.131422
34.8447	0.0198467	-1.98758	0.132776
34.8934	0.0243765	-1.98107	0.133991
34.9563	0.0314665	-1.9726	0.13522
35.0453	0.0444594	-1.96051	0.136731
35.2135	0.0841157	-1.93727	0.139507
35.3741	0.0803167	-1.91464	0.142293
35.5324	0.0791245	-1.89189	0.145214
35.6847	0.0761518	-1.86955	0.148212
35.8314	0.073375	-1.84758	0.151294
35.9729	0.0707213	-1.82596	0.154464
36.1092	0.0681845	-1.80467	0.157728
36.2408	0.0657577	-1.78371	0.161089
36.3676	0.0634344	-1.76305	0.164555
36.49	0.0612085	-1.74269	0.16813
36.6082	0.0590746	-1.72261	0.17182
36.7222	0.0570273	-1.7028	0.175633
36.8324	0.055062	-1.68324	0.179575
36.9387	0.0531741	-1.66393	0.183654
37.0414	0.0513596	-1.64485	0.187877
37.1407	0.0496145	-1.62599	0.192254
37.2365	0.0479353	-1.60734	0.196793
37.3292	0.0463188	-1.5889	0.201504
37.4187	0.0447618	-1.57064	0.206397
37.5052	0.0432615	-1.55256	0.211484
37.5888	0.0418152	-1.53466	0.216777
37.6697	0.0404205	-1.51691	0.222288
37.7478	0.0390751	-1.49932	0.228031
37.8234	0.0377769	-1.48187	0.234021
37.8964	0.0365239	-1.46455	0.240274
37.9671	0.0353143	-1.44735	0.246806
38.0354	0.0341464	-1.43026	0.253637
38.1014	0.0330185	-1.41328	0.260786
38.1653	0.0319293	-1.39639	0.268274
38.227	0.0308772	-1.37958	0.276124
38.2867	0.0298611	-1.36285	0.284362
38.3445	0.0288797	-1.34617	0.293012
38.4004	0.0279318	-1.32955	0.302106
38.4544	0.0270165	-1.31298	0.311672
38.5067	0.0261327	-1.29643	0.321747
38.5572	0.0252795	-1.27989	0.332365
38.6061	0.024456	-1.26336	0.343566
38.6534	0.0236614	-1.24683	0.355394
38.6992	0.0228949	-1.23027	0.367895
38.7436	0.0221558	-1.21368	0.381119
38.7864	0.0214434	-1.19704	0.395122
38.828	0.020757	-1.18033	0.409964
38.8681	0.0200961	-1.16354	0.425711
38.9071	0.0194601	-1.14665	0.442433
38.9448	0.0188484	-1.12964	0.46021
38.9813	0.0182607	-1.11249	0.479128
39.0167	0.0176965	-1.09518	0.499281
39.051	0.0171555	-1.07769	0.520775
39.0843	0.0166373	-1.05998	0.543725
39.1165	0.0161419	-1.04204	0.568261
39.1479	0.015669	-1.02382	0.594526
39.1783	0.0152188	-1.0053	0.622682
39.2079	0.0147914	-0.986441	0.652911
39.2367	0.0143872	-0.967192	0.68542
39.2647	0.0140068	-0.947506	0.720446
39.292	0.0136513	-0.927327	0.758263
39.3186	0.013322	-0.906585	0.799192
39.3447	0.0130211	-0.885202	0.843614
39.3702	0.0127518	-0.863078	0.891988
39.3952	0.0125187	-0.840092	0.944878
39.4199	0.0123287	-0.816087	1.003
39.4443	0.0121929	-0.790855	1.06729
39.4685	0.0121295	-0.764106	1.13903
39.4929	0.0121707	-0.735409	1.22008
39.5176	0.0123806	-0.704061	1.31342
39.5434	0.0129094	-0.668741	1.4245
39.5686	0.0125726	-0.631387	1.54865
39.5923	0.0118527	-0.593113	1.68275
39.6147	0.0111897	-0.553864	1.82725
39.6329	0.00909686	-0.519432	1.95957
39.6486	0.00786539	-0.487622	2.08619
39.6627	0.00703227	-0.457418	2.21012
39.6755	0.00639537	-0.428374	2.33251
39.6883	0.00642196	-0.39757	2.46556
39.7001	0.00588562	-0.36778	2.59719
39.7109	0.00542703	-0.338889	2.72744
39.721	0.00504757	-0.310707	2.85675
39.7305	0.00472665	-0.283098	2.98543
39.7394	0.00445014	-0.25596	3.11366
39.7478	0.00420849	-0.229217	3.24154
39.7558	0.0039949	-0.202811	3.36913
39.7634	0.00380442	-0.176695	3.49646
39.7707	0.00363325	-0.150828	3.62351
39.7776	0.00347847	-0.125181	3.75026
39.7843	0.00333778	-0.0997262	3.87667
39.7907	0.00320929	-0.0744408	4.0027
39.7969	0.00309149	-0.0493056	4.12828
39.8029	0.00298311	-0.0243037	4.25334
39.8086	0.00288309	0.00057937	4.3778
39.8142	0.00279055	0.0253567	4.5016
39.8196	0.00270473	0.0500396	4.62463
39.8249	0.00262497	0.0746385	4.74682
39.83	0.00255071	0.0991625	4.86807
39.8349	0.00248146	0.12362	4.98829
39.8398	0.00241679	0.148019	5.10738
39.8445	0.00235634	0.172365	5.22524
39.8491	0.00229977	0.196666	5.34176
39.8536	0.00224678	0.220928	5.45684
39.858	0.00219713	0.245156	5.57038
39.8623	0.00215057	0.269356	5.68227
39.8665	0.00210691	0.293532	5.79239
39.8706	0.00206596	0.317689	5.90063
39.8747	0.00202756	0.341832	6.00689
39.8786	0.00199157	0.365966	6.11103
39.8826	0.00195784	0.390094	6.21296
39.8864	0.00192627	0.414222	6.31254
39.8902	0.00189676	0.438353	6.40965
39.8939	0.00186921	0.462492	6.50418
39.8976	0.00184354	0.486643	6.59599
39.9013	0.00181968	0.510811	6.68496
39.9049	0.00179757	0.534999	6.77096
39.9084	0.00177716	0.559213	6.85385
39.9119	0.00175841	0.583458	6.93349
39.9154	0.00174128	0.607737	7.00975
39.9189	0.00172575	0.632058	7.08249
39.9223	0.00171181	0.656424	7.15155
39.9257	0.00169943	0.680843	7.21679
39.9291	0.00168864	0.70532	7.27805
39.9324	0.00167944	0.729863	7.33517
39.9358	0.00167187	0.754479	7.38797
39.9391	0.00166594	0.779177	7.43629
39.9424	0.00166173	0.803964	7.47994
39.9457	0.00165929	0.828853	7.51873
39.9491	0.00165872	0.853853	7.55246
39.9524	0.00166013	0.878977	7.58091
39.9557	0.00166366	0.904241	7.60384
39.9591	0.00166949	0.92966	7.62101
39.9624	0.00167782	0.955253	7.63215
39.9658	0.00168895	0.981043	7.63697
39.9692	0.00170321	1.00706	7.63513
39.9726	0.00172104	1.03332	7.62626
39.9761	0.00174303	1.05988	7.60994
39.9797	0.00176992	1.08678	7.58569
39.9833	0.00180272	1.11407	7.55294
39.987	0.00184283	1.14183	7.51098
39.9907	0.00189224	1.17016	7.45897
39.9946	0.0019539	1.19919	7.39578
39.9987	0.00203246	1.2291	7.31992
40.003	0.00213571	1.26018	7.22927
