0.00	1.05534	498.945
0.10	1.11373	498.886
0.20	1.17533	498.825
0.30	1.24032	498.76
0.40	1.30889	498.691
0.50	1.38123	498.619
0.60	1.45754	498.542
0.70	1.53804	498.462
0.80	1.62296	498.377
0.90	1.71253	498.287
1.00	1.80701	498.193
1.10	1.90667	498.093
1.20	2.01177	497.988
1.30	2.12262	497.877
1.40	2.23952	497.76
1.50	2.3628	497.637
1.60	2.4928	497.507
1.70	2.62987	497.37
1.80	2.7744	497.226
1.90	2.92677	497.073
2.00	3.08741	496.913
2.10	3.25674	496.743
2.20	3.43524	496.565
2.30	3.62337	496.377
2.40	3.82165	496.178
2.50	4.0306	495.969
2.60	4.25078	495.749
2.70	4.48276	495.517
2.80	4.72717	495.273
2.90	4.98462	495.015
3.00	5.2558	494.744
3.10	5.5414	494.459
3.20	5.84215	494.158
3.30	6.15882	493.841
3.40	6.49219	493.508
3.50	6.8431	493.157
3.60	7.21243	492.788
3.70	7.60106	492.399
3.80	8.00996	491.99
3.90	8.44009	491.56
4.00	8.89247	491.108
4.10	9.36817	490.632
4.20	9.86829	490.132
4.30	10.394	489.606
4.40	10.9464	489.054
4.50	11.5268	488.473
4.60	12.1364	487.864
4.70	12.7766	487.223
4.80	13.4486	486.551
4.90	14.154	485.846
5.00	14.894	485.106
5.10	15.6703	484.33
5.20	16.4842	483.516
5.30	17.3374	482.663
5.40	18.2313	481.769
5.50	19.1677	480.832
5.60	20.1481	479.852
5.70	21.1742	478.826
5.80	22.2477	477.752
5.90	23.3703	476.63
6.00	24.5437	475.456
6.10	25.7695	474.23
6.20	27.0496	472.95
6.30	28.3857	471.614
6.40	29.7793	470.221
6.50	31.2323	468.768
6.60	32.7463	467.254
6.70	34.3228	465.677
6.80	35.9635	464.037
6.90	37.6699	462.33
7.00	39.4434	460.557
7.10	41.2854	458.715
7.20	43.1972	456.803
7.30	45.1801	454.82
7.40	47.235	452.765
7.50	49.3631	450.637
7.60	51.5651	448.435
7.70	53.8419	446.158
7.80	56.1938	443.806
7.90	58.6214	441.379
8.00	61.1249	438.875
8.10	63.7043	436.296
8.20	66.3596	433.64
8.30	69.0904	430.91
8.40	71.8963	428.104
8.50	74.7764	425.224
8.60	77.73	422.27
8.70	80.7557	419.244
8.80	83.8524	416.148
8.90	87.0185	412.982
9.00	90.2521	409.748
9.10	93.5514	406.449
9.20	96.9141	403.086
9.30	100.338	399.662
9.40	103.82	396.18
9.50	107.358	392.642
9.60	110.949	389.051
9.70	114.59	385.41
9.80	118.278	381.722
9.90	122.009	377.991
10.00	125.78	374.22
10.10	129.587	370.413
10.20	133.427	366.573
10.30	137.296	362.704
10.40	141.191	358.809
10.50	145.107	354.893
10.60	149.041	350.959
10.70	152.99	347.01
10.80	156.948	343.052
10.90	160.914	339.086
11.00	164.883	335.117
11.10	168.851	331.149
11.20	172.815	327.185
11.30	176.772	323.228
11.40	180.718	319.282
11.50	184.65	315.35
11.60	188.565	311.435
11.70	192.46	307.54
11.80	196.332	303.668
11.90	200.179	299.821
12.00	203.997	296.003
12.10	207.785	292.215
12.20	211.539	288.461
12.30	215.259	284.741
12.40	218.942	281.058
12.50	222.585	277.415
12.60	226.188	273.812
12.70	229.749	270.251
12.80	233.266	266.734
12.90	236.738	263.262
13.00	240.164	259.836
13.10	243.543	256.457
13.20	246.874	253.126
13.30	250.155	249.845
13.40	253.387	246.613
13.50	256.569	243.431
13.60	259.7	240.3
13.70	262.78	237.22
13.80	265.808	234.192
13.90	268.785	231.215
14.00	271.71	228.29
14.10	274.583	225.417
14.20	277.405	222.595
14.30	280.175	219.825
14.40	282.893	217.107
14.50	285.56	214.44
14.60	288.176	211.824
14.70	290.742	209.258
14.80	293.257	206.743
14.90	295.722	204.278
15.00	298.138	201.862
15.10	300.504	199.496
15.20	302.823	197.177
15.30	305.093	194.907
15.40	307.317	192.683
15.50	309.493	190.507
15.60	311.624	188.376
15.70	313.709	186.291
15.80	315.749	184.251
15.90	317.745	182.255
16.00	319.697	180.303
16.10	321.607	178.393
16.20	323.475	176.525
16.30	325.302	174.698
16.40	327.087	172.913
16.50	328.833	171.167
16.60	330.54	169.46
16.70	332.208	167.792
16.80	333.838	166.162
16.90	335.432	164.568
17.00	336.988	163.012
17.10	338.51	161.49
17.20	339.996	160.004
17.30	341.447	158.553
17.40	342.866	157.134
17.50	344.251	155.749
17.60	345.604	154.396
17.70	346.925	153.075
17.80	348.216	151.784
17.90	349.476	150.524
18.00	350.706	149.294
18.10	351.908	148.092
18.20	353.081	146.919
18.30	354.226	145.774
18.40	355.344	144.656
18.50	356.435	143.565
18.60	357.501	142.499
18.70	358.541	141.459
18.80	359.556	140.444
18.90	360.547	139.453
19.00	361.514	138.486
19.10	362.458	137.542
19.20	363.379	136.621
19.30	364.278	135.722
19.40	365.156	134.844
19.50	366.012	133.988
19.60	366.847	133.153
19.70	367.663	132.337
19.80	368.458	131.542
19.90	369.235	130.765
20.00	369.992	130.008
20.10	370.731	129.269
20.20	371.452	128.548
20.30	372.156	127.844
20.40	372.842	127.158
20.50	373.512	126.488
20.60	374.165	125.835
20.70	374.803	125.197
20.80	375.424	124.576
20.90	376.031	123.969
21.00	376.623	123.377
21.10	377.2	122.8
21.20	377.764	122.236
21.30	378.313	121.687
21.40	378.849	121.151
21.50	379.372	120.628
21.60	379.882	120.118
21.70	380.379	119.621
21.80	380.865	119.135
21.90	381.338	118.662
22.00	381.8	118.2
22.10	382.25	117.75
22.20	382.689	117.311
22.30	383.118	116.882
22.40	383.536	116.464
22.50	383.944	116.056
22.60	384.341	115.659
22.70	384.729	115.271
22.80	385.107	114.893
22.90	385.476	114.524
23.00	385.836	114.164
23.10	386.187	113.813
23.20	386.529	113.471
23.30	386.863	113.137
23.40	387.189	112.811
23.50	387.506	112.494
23.60	387.816	112.184
23.70	388.118	111.882
23.80	388.413	111.587
23.90	388.7	111.3
24.00	388.98	111.02
24.10	389.254	110.746
24.20	389.52	110.48
24.30	389.78	110.22
24.40	390.034	109.966
24.50	390.281	109.719
24.60	390.522	109.478
24.70	390.757	109.243
24.80	390.987	109.013
24.90	391.21	108.79
25.00	391.429	108.571
25.10	391.641	108.359
25.20	391.849	108.151
25.30	392.051	107.949
25.40	392.248	107.752
25.50	392.441	107.559
25.60	392.629	107.371
25.70	392.812	107.188
25.80	392.99	107.01
25.90	393.164	106.836
26.00	393.334	106.666
26.10	393.499	106.501
26.20	393.661	106.339
26.30	393.818	106.182
26.40	393.972	106.028
26.50	394.122	105.878
26.60	394.268	105.732
26.70	394.41	105.59
26.80	394.549	105.451
26.90	394.684	105.316
27.00	394.816	105.184
27.10	394.945	105.055
27.20	395.071	104.929
27.30	395.193	104.807
27.40	395.312	104.688
27.50	395.429	104.571
27.60	395.543	104.457
27.70	395.653	104.347
27.80	395.761	104.239
27.90	395.867	104.133
28.00	395.969	104.031
28.10	396.069	103.931
28.20	396.167	103.833
28.30	396.262	103.738
28.40	396.355	103.645
28.50	396.446	103.554
28.60	396.534	103.466
28.70	396.62	103.38
28.80	396.704	103.296
28.90	396.786	103.214
29.00	396.866	103.134
29.10	396.944	103.056
29.20	397.02	102.98
29.30	397.094	102.906
29.40	397.166	102.834
29.50	397.237	102.763
29.60	397.305	102.695
29.70	397.372	102.628
29.80	397.438	102.562
29.90	397.501	102.499
30.00	397.563	102.437
30.10	397.624	102.376
30.20	397.683	102.317
30.30	397.741	102.259
30.40	397.797	102.203
30.50	397.852	102.148
30.60	397.905	102.095
30.70	397.957	102.043
30.80	398.008	101.992
30.90	398.057	101.943
31.00	398.106	101.894
31.10	398.153	101.847
31.20	398.199	101.801
31.30	398.243	101.757
31.40	398.287	101.713
31.50	398.33	101.67
31.60	398.371	101.629
31.70	398.412	101.588
31.80	398.451	101.549
31.90	398.49	101.51
32.00	398.527	101.473
32.10	398.564	101.436
32.20	398.6	101.4
32.30	398.634	101.366
32.40	398.668	101.332
32.50	398.702	101.298
32.60	398.734	101.266
32.70	398.765	101.235
32.80	398.796	101.204
32.90	398.826	101.174
33.00	398.855	101.145
33.10	398.884	101.116
33.20	398.911	101.089
33.30	398.938	101.062
33.40	398.965	101.035
33.50	398.991	101.009
33.60	399.016	100.984
33.70	399.04	100.96
33.80	399.064	100.936
33.90	399.087	100.913
34.00	399.11	100.89
34.10	399.132	100.868
34.20	399.154	100.846
34.30	399.175	100.825
34.40	399.195	100.805
34.50	399.215	100.785
34.60	399.235	100.765
34.70	399.254	100.746
34.80	399.272	100.728
34.90	399.29	100.71
35.00	399.308	100.692
35.10	399.325	100.675
35.20	399.342	100.658
35.30	399.358	100.642
35.40	399.374	100.626
35.50	399.39	100.61
35.60	399.405	100.595
35.70	399.42	100.58
35.80	399.434	100.566
35.90	399.448	100.552
36.00	399.462	100.538
36.10	399.476	100.524
36.20	399.489	100.511
36.30	399.501	100.499
36.40	399.514	100.486
36.50	399.526	100.474
36.60	399.538	100.462
36.70	399.549	100.451
36.80	399.56	100.44
36.90	399.571	100.429
37.00	399.582	100.418
37.10	399.592	100.408
37.20	399.602	100.398
37.30	399.612	100.388
37.40	399.622	100.378
37.50	399.631	100.369
37.60	399.641	100.359
37.70	399.649	100.351
37.80	399.658	100.342
37.90	399.667	100.333
38.00	399.675	100.325
38.10	399.683	100.317
38.20	399.691	100.309
38.30	399.699	100.301
38.40	399.706	100.294
38.50	399.713	100.287
38.60	399.721	100.279
38.70	399.727	100.273
38.80	399.734	100.266
38.90	399.741	100.259
39.00	399.747	100.253
39.10	399.754	100.246
39.20	399.76	100.24
39.30	399.766	100.234
39.40	399.772	100.228
39.50	399.777	100.223
39.60	399.783	100.217
39.70	399.788	100.212
39.80	399.793	100.207
39.90	399.799	100.201
40.00	399.804	100.196
40.10	399.808	100.192
40.20	399.813	100.187
40.30	399.818	100.182
40.40	399.822	100.178
40.50	399.827	100.173
40.60	399.831	100.169
40.70	399.835	100.165
40.80	399.839	100.161
40.90	399.843	100.157
41.00	399.847	100.153
41.10	399.851	100.149
41.20	399.855	100.145
41.30	399.858	100.142
41.40	399.862	100.138
41.50	399.865	100.135
41.60	399.869	100.131
41.70	399.872	100.128
41.80	399.875	100.125
41.90	399.878	100.122
42.00	399.881	100.119
42.10	399.884	100.116
42.20	399.887	100.113
42.30	399.89	100.11
42.40	399.893	100.107
42.50	399.895	100.105
42.60	399.898	100.102
42.70	399.9	100.1
42.80	399.903	100.097
42.90	399.905	100.095
43.00	399.908	100.092
43.10	399.91	100.09
43.20	399.912	100.088
43.30	399.914	100.086
43.40	399.917	100.083
43.50	399.919	100.081
43.60	399.921	100.079
43.70	399.923	100.077
43.80	399.925	100.075
43.90	399.926	100.074
44.00	399.928	100.072
44.10	399.93	100.07
44.20	399.932	100.068
44.30	399.933	100.067
44.40	399.935	100.065
44.50	399.937	100.063
44.60	399.938	100.062
44.70	399.94	100.06
44.80	399.941	100.059
44.90	399.943	100.057
45.00	399.944	100.056
45.10	399.946	100.054
45.20	399.947	100.053
45.30	399.948	100.052
45.40	399.95	100.05
45.50	399.951	100.049
45.60	399.952	100.048
45.70	399.953	100.047
45.80	399.954	100.046
45.90	399.956	100.044
46.00	399.957	100.043
46.10	399.958	100.042
46.20	399.959	100.041
46.30	399.96	100.04
46.40	399.961	100.039
46.50	399.962	100.038
46.60	399.963	100.037
46.70	399.964	100.036
46.80	399.965	100.035
46.90	399.965	100.035
47.00	399.966	100.034
47.10	399.967	100.033
47.20	399.968	100.032
47.30	399.969	100.031
47.40	399.97	100.03
47.50	399.97	100.03
47.60	399.971	100.029
47.70	399.972	100.028
47.80	399.972	100.028
47.90	399.973	100.027
48.00	399.974	100.026
48.10	399.974	100.026
48.20	399.975	100.025
48.30	399.976	100.024
48.40	399.976	100.024
48.50	399.977	100.023
48.60	399.977	100.023
48.70	399.978	100.022
48.80	399.979	100.021
48.90	399.979	100.021
49.00	399.98	100.02
49.10	399.98	100.02
49.20	399.981	100.019
49.30	399.981	100.019
49.40	399.982	100.018
49.50	399.982	100.018
49.60	399.982	100.018
49.70	399.983	100.017
49.80	399.983	100.017
49.90	399.984	100.016
50.00	399.984	100.016
50.10	399.985	100.015
50.20	399.985	100.015
50.30	399.985	100.015
50.40	399.986	100.014
50.50	399.986	100.014
50.60	399.986	100.014
50.70	399.987	100.013
50.80	399.987	100.013
50.90	399.987	100.013
51.00	399.988	100.012
51.10	399.988	100.012
51.20	399.988	100.012
51.30	399.989	100.011
51.40	399.989	100.011
51.50	399.989	100.011
51.60	399.989	100.011
51.70	399.99	100.01
51.80	399.99	100.01
51.90	399.99	100.01
52.00	399.99	100.01
52.10	399.991	100.009
52.20	399.991	100.009
52.30	399.991	100.009
52.40	399.991	100.009
52.50	399.992	100.008
52.60	399.992	100.008
52.70	399.992	100.008
52.80	399.992	100.008
52.90	399.992	100.008
53.00	399.993	100.007
53.10	399.993	100.007
53.20	399.993	100.007
53.30	399.993	100.007
53.40	399.993	100.007
53.50	399.993	100.007
53.60	399.994	100.006
53.70	399.994	100.006
53.80	399.994	100.006
53.90	399.994	100.006
54.00	399.994	100.006
54.10	399.994	100.006
54.20	399.995	100.005
54.30	399.995	100.005
54.40	399.995	100.005
54.50	399.995	100.005
54.60	399.995	100.005
54.70	399.995	100.005
54.80	399.995	100.005
54.90	399.995	100.005
55.00	399.996	100.004
55.10	399.996	100.004
55.20	399.996	100.004
55.30	399.996	100.004
55.40	399.996	100.004
55.50	399.996	100.004
55.60	399.996	100.004
55.70	399.996	100.004
55.80	399.996	100.004
55.90	399.996	100.004
56.00	399.997	100.003
56.10	399.997	100.003
56.20	399.997	100.003
56.30	399.997	100.003
56.40	399.997	100.003
56.50	399.997	100.003
56.60	399.997	100.003
56.70	399.997	100.003
56.80	399.997	100.003
56.90	399.997	100.003
57.00	399.997	100.003
57.10	399.997	100.003
57.20	399.997	100.003
57.30	399.997	100.003
57.40	399.998	100.002
57.50	399.998	100.002
57.60	399.998	100.002
57.70	399.998	100.002
57.80	399.998	100.002
57.90	399.998	100.002
58.00	399.998	100.002
58.10	399.998	100.002
58.20	399.998	100.002
58.30	399.998	100.002
58.40	399.998	100.002
58.50	399.998	100.002
58.60	399.998	100.002
58.70	399.998	100.002
58.80	399.998	100.002
58.90	399.998	100.002
59.00	399.998	100.002
59.10	399.998	100.002
59.20	399.998	100.002
59.30	399.998	100.002
59.40	399.999	100.001
59.50	399.999	100.001
59.60	399.999	100.001
59.70	399.999	100.001
59.80	399.999	100.001
59.90	399.999	100.001
60.00	399.999	100.001
60.10	399.999	100.001
60.20	399.999	100.001
60.30	399.999	100.001
60.40	399.999	100.001
60.50	399.999	100.001
60.60	399.999	100.001
60.70	399.999	100.001
60.80	399.999	100.001
60.90	399.999	100.001
61.00	399.999	100.001
61.10	399.999	100.001
61.20	399.999	100.001
61.30	399.999	100.001
61.40	399.999	100.001
61.50	399.999	100.001
61.60	399.999	100.001
61.70	399.999	100.001
61.80	399.999	100.001
61.90	399.999	100.001
62.00	399.999	100.001
62.10	399.999	100.001
62.20	399.999	100.001
62.30	399.999	100.001
62.40	399.999	100.001
62.50	399.999	100.001
62.60	399.999	100.001
62.70	399.999	100.001
62.80	399.999	100.001
62.90	399.999	100.001
63.00	399.999	100.001
63.10	399.999	100.001
63.20	399.999	100.001
63.30	399.999	100.001
63.40	399.999	100.001
63.50	399.999	100.001
63.60	399.999	100.001
63.70	399.999	100.001
63.80	400	100
63.90	400	100
64.00	400	100
64.10	400	100
64.20	400	100
64.30	400	100
64.40	400	100
64.50	400	100
64.60	400	100
64.70	400	100
64.80	400	100
64.90	400	100
65.00	400	100
65.10	400	100
65.20	400	100
65.30	400	100
65.40	400	100
65.50	400	100
65.60	400	100
65.70	400	100
65.80	400	100
65.90	400	100
66.00	400	100
66.10	400	100
66.20	400	100
66.30	400	100
66.40	400	100
66.50	400	100
66.60	400	100
66.70	400	100
66.80	400	100
66.90	400	100
67.00	400	100
67.10	400	100
67.20	400	100
67.30	400	100
67.40	400	100
67.50	400	100
67.60	400	100
67.70	400	100
67.80	400	100
67.90	400	100
68.00	400	100
68.10	400	100
68.20	400	100
68.30	400	100
68.40	400	100
68.50	400	100
68.60	400	100
68.70	400	100
68.80	400	100
68.90	400	100
69.00	400	100
69.10	400	100
69.20	400	100
69.30	400	100
69.40	400	100
69.50	400	100
69.60	400	100
69.70	400	100
69.80	400	100
69.90	400	100
70.00	400	100
70.10	400	100
70.20	400	100
70.30	400	100
70.40	400	100
70.50	400	100
70.60	400	100
70.70	400	100
70.80	400	100
70.90	400	100
71.00	400	100
71.10	400	100
71.20	400	100
71.30	400	100
71.40	400	100
71.50	400	100
71.60	400	100
71.70	400	100
71.80	400	100
71.90	400	100
72.00	400	100
72.10	400	100
72.20	400	100
72.30	400	100
72.40	400	100
72.50	400	100
72.60	400	100
72.70	400	100
72.80	400	100
72.90	400	100
73.00	400	100
73.10	400	100
73.20	400	100
73.30	400	100
73.40	400	100
73.50	400	100
73.60	400	100
73.70	400	100
73.80	400	100
73.90	400	100
74.00	400	100
74.10	400	100
74.20	400	100
74.30	400	100
74.40	400	100
74.50	400	100
74.60	400	100
74.70	400	100
74.80	400	100
74.90	400	100
75.00	400	100
75.10	400	100
75.20	400	100
75.30	400	100
75.40	400	100
75.50	400	100
75.60	400	100
75.70	400	100
75.80	400	100
75.90	400	100
76.00	400	100
76.10	400	100
76.20	400	100
76.30	400	100
76.40	400	100
76.50	400	100
76.60	400	100
76.70	400	100
76.80	400	100
76.90	400	100
77.00	400	100
77.10	400	100
77.20	400	100
77.30	400	100
77.40	400	100
77.50	400	100
77.60	400	100
77.70	400	100
77.80	400	100
77.90	400	100
78.00	400	100
78.10	400	100
78.20	400	100
78.30	400	100
78.40	400	100
78.50	400	100
78.60	400	100
78.70	400	100
78.80	400	100
78.90	400	100
79.00	400	100
79.10	400	100
79.20	400	100
79.30	400	100
79.40	400	100
79.50	400	100
79.60	400	100
79.70	400	100
79.80	400	100
79.90	400	100
80.00	400	100
80.10	400	100
80.20	400	100
80.30	400	100
80.40	400	100
80.50	400	100
80.60	400	100
80.70	400	100
80.80	400	100
80.90	400	100
81.00	400	100
81.10	400	100
81.20	400	100
81.30	400	100
81.40	400	100
81.50	400	100
81.60	400	100
81.70	400	100
81.80	400	100
81.90	400	100
82.00	400	100
82.10	400	100
82.20	400	100
82.30	400	100
82.40	400	100
82.50	400	100
82.60	400	100
82.70	400	100
82.80	400	100
82.90	400	100
83.00	400	100
83.10	400	100
83.20	400	100
83.30	400	100
83.40	400	100
83.50	400	100
83.60	400	100
83.70	400	100
83.80	400	100
83.90	400	100
84.00	400	100
84.10	400	100
84.20	400	100
84.30	400	100
84.40	400	100
84.50	400	100
84.60	400	100
84.70	400	100
84.80	400	100
84.90	400	100
85.00	400	100
85.10	400	100
85.20	400	100
85.30	400	100
85.40	400	100
85.50	400	100
85.60	400	100
85.70	400	100
85.80	400	100
85.90	400	100
86.00	400	100
86.10	400	100
86.20	400	100
86.30	400	100
86.40	400	100
86.50	400	100
86.60	400	100
86.70	400	100
86.80	400	100
86.90	400	100
87.00	400	100
87.10	400	100
87.20	400	100
87.30	400	100
87.40	400	100
87.50	400	100
87.60	400	100
87.70	400	100
87.80	400	100
87.90	400	100
88.00	400	100
88.10	400	100
88.20	400	100
88.30	400	100
88.40	400	100
88.50	400	100
88.60	400	100
88.70	400	100
88.80	400	100
88.90	400	100
89.00	400	100
89.10	400	100
89.20	400	100
89.30	400	100
89.40	400	100
89.50	400	100
89.60	400	100
89.70	400	100
89.80	400	100
89.90	400	100
90.00	400	100
90.10	400	100
90.20	400	100
90.30	400	100
90.40	400	100
90.50	400	100
90.60	400	100
90.70	400	100
90.80	400	100
90.90	400	100
91.00	400	100
91.10	400	100
91.20	400	100
91.30	400	100
91.40	400	100
91.50	400	100
91.60	400	100
91.70	400	100
91.80	400	100
91.90	400	100
92.00	400	100
92.10	400	100
92.20	400	100
92.30	400	100
92.40	400	100
92.50	400	100
92.60	400	100
92.70	400	100
92.80	400	100
92.90	400	100
93.00	400	100
93.10	400	100
93.20	400	100
93.30	400	100
93.40	400	100
93.50	400	100
93.60	400	100
93.70	400	100
93.80	400	100
93.90	400	100
94.00	400	100
94.10	400	100
94.20	400	100
94.30	400	100
94.40	400	100
94.50	400	100
94.60	400	100
94.70	400	100
94.80	400	100
94.90	400	100
95.00	400	100
95.10	400	100
95.20	400	100
95.30	400	100
95.40	400	100
95.50	400	100
95.60	400	100
95.70	400	100
95.80	400	100
95.90	400	100
96.00	400	100
96.10	400	100
96.20	400	100
96.30	400	100
96.40	400	100
96.50	400	100
96.60	400	100
96.70	400	100
96.80	400	100
96.90	400	100
97.00	400	100
97.10	400	100
97.20	400	100
97.30	400	100
97.40	400	100
97.50	400	100
97.60	400	100
97.70	400	100
97.80	400	100
97.90	400	100
98.00	400	100
98.10	400	100
98.20	400	100
98.30	400	100
98.40	400	100
98.50	400	100
98.60	400	100
98.70	400	100
98.80	400	100
98.90	400	100
99.00	400	100
99.10	400	100
99.20	400	100
99.30	400	100
99.40	400	100
99.50	400	100
99.60	400	100
99.70	400	100
99.80	400	100
