0.00192816	0.00264115	0.00334041	0.00402242	0.00468386	0.00532164	0.00593289	0.00651503	0.00706573	0.00758298	0.00806501	0.00851035	0.00891781	0.00928642	0.00961547	0.00990444	0.010153	0.010361	0.0105285	0.0106555	0.0107423	0.010789	0.0107962	0.0107641	0.0106933	0.0105843	0.0104376	0.0102538	0.0100337	0.00977789	0.00948726	0.00916271	0.00880525	0.00841601	0.00799622	0.00754727	0.00707066	0.00656803	0.00604117	
0.00383657	0.00525525	0.00664659	0.00800363	0.00931974	0.0105888	0.011805	0.0129633	0.0140591	0.0150883	0.0160474	0.0169335	0.0177443	0.0184777	0.0191324	0.0197074	0.020202	0.020616	0.0209492	0.0212019	0.0213745	0.0214675	0.0214818	0.021418	0.0212771	0.0210602	0.0207683	0.0204026	0.0199646	0.0194556	0.0188773	0.0182316	0.0175203	0.0167458	0.0159105	0.0150172	0.0140689	0.0130688	0.0120204	
0.00570596	0.00781588	0.00988517	0.0119034	0.0138608	0.0157482	0.017557	0.0192797	0.0209094	0.0224401	0.0238665	0.0251844	0.0263902	0.027481	0.0284548	0.0293099	0.0300455	0.0306611	0.0311567	0.0315325	0.0317892	0.0319276	0.0319488	0.0318539	0.0316444	0.0313218	0.0308877	0.0303439	0.0296924	0.0289354	0.0280753	0.0271149	0.0260571	0.0249052	0.023663	0.0223344	0.020924	0.0194366	0.0178774	
0.00751796	0.0102979	0.0130243	0.0156835	0.0182625	0.0207492	0.0231325	0.0254023	0.0275495	0.0295662	0.0314457	0.0331821	0.0347707	0.036208	0.0374909	0.0386176	0.0395869	0.040398	0.0410509	0.0415461	0.0418843	0.0420666	0.0420945	0.0419696	0.0416935	0.0412684	0.0406964	0.0399799	0.0391216	0.0381242	0.036991	0.0357256	0.0343319	0.0328142	0.0311775	0.029427	0.0275687	0.0256089	0.0235546	
0.00925558	0.0126781	0.0160346	0.0193084	0.0224835	0.0255449	0.0284791	0.0312734	0.0339169	0.0363998	0.0387137	0.0408514	0.0428073	0.0445767	0.0461561	0.0475433	0.0487365	0.0497351	0.0505389	0.0511485	0.0515649	0.0517894	0.0518238	0.0516699	0.0513301	0.0508067	0.0501025	0.0492204	0.0481637	0.0469358	0.0455407	0.0439828	0.0422669	0.0403985	0.0383834	0.0362284	0.0339406	0.0315278	0.0289988	
0.0109035	0.0149354	0.0188895	0.0227462	0.0264866	0.0300931	0.0335497	0.0368416	0.0399557	0.0428807	0.0456065	0.0481248	0.0504289	0.0525134	0.0543741	0.0560082	0.0574138	0.0585902	0.0595372	0.0602553	0.0607458	0.0610103	0.0610508	0.0608695	0.0604692	0.0598526	0.0590231	0.0579839	0.056739	0.0552925	0.053649	0.0518137	0.0497924	0.0475913	0.0452174	0.0426787	0.0399835	0.0371412	0.0341619	
0.0124484	0.0170515	0.021566	0.0259691	0.0302394	0.034357	0.0383033	0.0420616	0.045617	0.0489564	0.0520684	0.0549436	0.0575741	0.0599539	0.0620782	0.0639439	0.0655487	0.0668917	0.0679729	0.0687928	0.0693528	0.0696548	0.0697009	0.069494	0.0690369	0.068333	0.0673859	0.0661995	0.0647782	0.0631268	0.0612504	0.0591551	0.0568474	0.0543344	0.0516242	0.0487258	0.0456487	0.0424037	0.0390022	
0.0138792	0.0190114	0.0240447	0.0289539	0.033715	0.0383058	0.0427057	0.046896	0.05086	0.0545832	0.0580529	0.0612585	0.0641914	0.0668447	0.0692131	0.0712932	0.0730825	0.0745799	0.0757853	0.0766994	0.0773238	0.0776604	0.0777119	0.0774812	0.0769716	0.0761868	0.0751308	0.0738081	0.0722234	0.0703822	0.0682902	0.0659541	0.063381	0.0605792	0.0575576	0.054326	0.0508953	0.0472773	0.0434849	
0.0151869	0.0208027	0.0263103	0.031682	0.0368918	0.0419152	0.0467296	0.0513147	0.0556523	0.0597262	0.0635229	0.0670305	0.0702398	0.073143	0.0757347	0.0780107	0.0799686	0.0816071	0.082926	0.0839263	0.0846095	0.0849779	0.0850342	0.0847818	0.0842241	0.0833654	0.0822099	0.0807626	0.0790286	0.0770138	0.0747247	0.0721685	0.069353	0.0662872	0.0629809	0.0594448	0.0556909	0.051732	0.0475822	
0.0163652	0.0224167	0.0283515	0.03414	0.039754	0.0451671	0.050355	0.0552959	0.0599699	0.06436	0.0684511	0.0722309	0.0756892	0.0788177	0.0816104	0.084063	0.0861728	0.0879383	0.0893596	0.0904375	0.0911737	0.0915707	0.0916314	0.0913593	0.0907584	0.0898331	0.088588	0.0870283	0.0851598	0.0829887	0.0805221	0.0777675	0.0747336	0.07143	0.0678671	0.0640567	0.0600115	0.0557455	0.0512738	
0.0174097	0.0238474	0.030161	0.036319	0.0422912	0.0480498	0.0535689	0.058825	0.0637974	0.0684676	0.0728199	0.0768409	0.0805199	0.083848	0.086819	0.0894281	0.0916725	0.0935508	0.0950628	0.0962095	0.0969926	0.0974149	0.0974795	0.0971901	0.0965509	0.0955664	0.0942418	0.0925826	0.0905949	0.0882853	0.0856612	0.0827308	0.0795033	0.0759888	0.0721985	0.0681449	0.0638416	0.0593033	0.0545462	
0.0183182	0.0250919	0.0317351	0.0382144	0.0444983	0.0505574	0.0563645	0.061895	0.0671268	0.0720408	0.0766202	0.080851	0.0847219	0.0882238	0.0913498	0.0940951	0.0964566	0.0984329	0.100024	0.10123	0.102054	0.102499	0.102567	0.102262	0.101589	0.100554	0.0991599	0.0974142	0.0953227	0.0928925	0.0901315	0.0870482	0.0836523	0.0799544	0.0759663	0.0717012	0.0671732	0.0623981	0.0573928	
0.0190906	0.0261499	0.0330731	0.0398257	0.0463745	0.0526891	0.058741	0.0645047	0.0699572	0.0750783	0.0798508	0.08426	0.0882941	0.0919436	0.0952014	0.0980624	0.100524	0.102583	0.104241	0.105498	0.106357	0.10682	0.106891	0.106574	0.105873	0.104793	0.103341	0.101521	0.0993418	0.0968092	0.0939317	0.0907184	0.0871793	0.0833255	0.0791693	0.0747243	0.0700055	0.065029	0.0598126	
0.0197282	0.0270232	0.0341776	0.0411557	0.0479232	0.0544487	0.0607027	0.0666588	0.0722934	0.0775855	0.0825174	0.0870739	0.0912427	0.095014	0.0983806	0.101337	0.10388	0.106009	0.107722	0.109021	0.109909	0.110387	0.110461	0.110133	0.109408	0.108293	0.106792	0.104912	0.102659	0.100042	0.0970685	0.0937479	0.0900906	0.0861081	0.0818131	0.0772197	0.0723433	0.0672006	0.06181	
0.0202335	0.0277154	0.0350531	0.0422099	0.0491508	0.0558434	0.0622576	0.0683663	0.0741452	0.0795729	0.0846311	0.0893043	0.0935799	0.0974478	0.100901	0.103933	0.106541	0.108724	0.110481	0.111814	0.112724	0.113215	0.11329	0.112954	0.112211	0.111067	0.109527	0.107599	0.105289	0.102605	0.0995549	0.0961492	0.0923982	0.0883137	0.0839087	0.0791976	0.0741963	0.068922	0.0633933	
0.0206103	0.0282315	0.0357059	0.0429959	0.0500661	0.0568833	0.0634169	0.0696394	0.0755259	0.0810546	0.086207	0.0909672	0.0953224	0.0992624	0.102779	0.105868	0.108525	0.110749	0.112539	0.113896	0.114823	0.115323	0.1154	0.115057	0.1143	0.113135	0.111567	0.109602	0.107249	0.104515	0.101409	0.0979395	0.0941187	0.0899581	0.0854711	0.0806723	0.0755779	0.0702053	0.0645737	
0.0208627	0.0285773	0.0361432	0.0435225	0.0506793	0.05758	0.0641936	0.0704923	0.0764509	0.0820473	0.0872628	0.0920813	0.0964898	0.100478	0.104038	0.107165	0.109854	0.112105	0.113917	0.115291	0.116229	0.116735	0.116813	0.116466	0.1157	0.11452	0.112933	0.110945	0.108563	0.105795	0.102651	0.099139	0.0952714	0.0910599	0.0865179	0.0816603	0.0765035	0.0710651	0.0653645	
0.0209953	0.0287589	0.0363729	0.0437991	0.0510014	0.057946	0.0646017	0.0709404	0.0769368	0.0825688	0.0878174	0.0926666	0.0971031	0.101117	0.104699	0.107846	0.110553	0.112818	0.114641	0.116024	0.116968	0.117477	0.117555	0.117206	0.116435	0.115248	0.113651	0.11165	0.109253	0.106467	0.103303	0.0997691	0.0958769	0.0916386	0.0870678	0.0821793	0.0769897	0.0715168	0.06578	
0.0210127	0.0287827	0.036403	0.0438353	0.0510435	0.0579938	0.0646551	0.070999	0.0770003	0.082637	0.08789	0.0927431	0.0971833	0.1012	0.104786	0.107935	0.110644	0.112911	0.114736	0.116119	0.117065	0.117574	0.117652	0.117303	0.116531	0.115343	0.113745	0.111742	0.109343	0.106555	0.103388	0.0998515	0.0959561	0.0917143	0.0871397	0.0822472	0.0770533	0.0715758	0.0658343	
0.0209191	0.0286544	0.0362408	0.04364	0.0508161	0.0577354	0.0643669	0.0706826	0.0766572	0.0822688	0.0874983	0.0923298	0.0967502	0.100749	0.104319	0.107454	0.110151	0.112408	0.114224	0.115602	0.116543	0.11705	0.117128	0.11678	0.116012	0.114829	0.113238	0.111244	0.108856	0.106081	0.102927	0.0994065	0.0955284	0.0913056	0.0867513	0.0818807	0.0767099	0.0712569	0.0655409	
0.0207183	0.0283795	0.035893	0.0432212	0.0503285	0.0571814	0.0637493	0.0700043	0.0759216	0.0814794	0.0866587	0.0914438	0.0958218	0.0997824	0.103318	0.106423	0.109094	0.111329	0.113128	0.114493	0.115425	0.115927	0.116004	0.11566	0.114899	0.113727	0.112151	0.110177	0.107811	0.105063	0.10194	0.0984526	0.0946118	0.0904294	0.0859189	0.0810949	0.0759738	0.0705731	0.064912	
0.0204138	0.0279624	0.0353655	0.042586	0.0495888	0.056341	0.0628123	0.0689754	0.0748058	0.0802818	0.085385	0.0900998	0.0944135	0.0983159	0.101799	0.104859	0.10749	0.109693	0.111465	0.11281	0.113728	0.114223	0.114299	0.11396	0.11321	0.112056	0.110503	0.108557	0.106226	0.103518	0.100442	0.0970056	0.0932212	0.0891003	0.0846561	0.079903	0.0748572	0.0695358	0.0639579	
0.0200082	0.0274068	0.0346629	0.0417399	0.0486036	0.0552216	0.0615644	0.0676051	0.0733196	0.0786868	0.0836887	0.0883098	0.0925378	0.0963626	0.099777	0.102775	0.105355	0.107513	0.109251	0.110569	0.111469	0.111954	0.112028	0.111696	0.110961	0.10983	0.108307	0.106401	0.104116	0.101462	0.098446	0.0950783	0.0913692	0.0873301	0.0829742	0.0783156	0.07337	0.0681544	0.0626873	
0.0195038	0.0267158	0.0337889	0.0406875	0.0473781	0.0538293	0.0600122	0.0659006	0.071471	0.0767029	0.0815786	0.0860832	0.0902046	0.093933	0.0972613	0.100184	0.102698	0.104803	0.106496	0.107781	0.108658	0.109131	0.109204	0.108879	0.108163	0.107061	0.105577	0.103718	0.101491	0.0989036	0.095964	0.0926812	0.0890655	0.0851283	0.0808822	0.076341	0.0715201	0.066436	0.0611067	
0.0189021	0.0258916	0.0327465	0.0394323	0.0459164	0.0521686	0.0581607	0.0638674	0.069266	0.0743365	0.0790618	0.0834275	0.0874217	0.0910351	0.0942606	0.0970934	0.0995301	0.101569	0.103211	0.104456	0.105306	0.105765	0.105835	0.10552	0.104826	0.103758	0.102319	0.100518	0.0983599	0.0958523	0.0930033	0.0898218	0.0863177	0.082502	0.0783869	0.0739858	0.0693136	0.0643864	0.0592215	
0.0182044	0.0249359	0.0315378	0.0379768	0.0442216	0.050243	0.056014	0.0615101	0.0667094	0.0715927	0.0761436	0.0803481	0.0841949	0.087675	0.0907815	0.0935096	0.0958564	0.0978204	0.0994014	0.1006	0.101419	0.101861	0.101928	0.101626	0.100957	0.0999279	0.0985429	0.0968079	0.0947295	0.0923145	0.0895706	0.0865065	0.0831317	0.0794569	0.0754936	0.071255	0.0667553	0.0620099	0.0570357	
0.0174119	0.0238504	0.0301648	0.0363235	0.0422965	0.0480558	0.0535755	0.0588323	0.0638053	0.068476	0.0728288	0.0768503	0.0805296	0.0838582	0.0868294	0.0894389	0.0916835	0.0935619	0.0950741	0.0962209	0.0970041	0.0974265	0.097491	0.0972016	0.0965623	0.0955777	0.094253	0.0925936	0.0906056	0.0882957	0.0856713	0.0827406	0.0795127	0.0759978	0.0722071	0.0681531	0.0638492	0.0593104	0.0545527	
0.0165257	0.0226365	0.0286296	0.0344749	0.0401439	0.0456101	0.0508489	0.0558382	0.060558	0.0649911	0.0691223	0.0729392	0.0764313	0.0795904	0.0824105	0.0848871	0.0870175	0.0888004	0.0902356	0.091324	0.0920674	0.0924682	0.0925295	0.0922548	0.091648	0.0907135	0.0894562	0.0878813	0.0859945	0.0838021	0.0813113	0.0785298	0.0754662	0.0721301	0.0685324	0.0646846	0.0605998	0.0562919	0.0517764	
0.0155474	0.0212965	0.0269348	0.0324341	0.0377675	0.04291	0.0478387	0.0525327	0.0569731	0.0611438	0.0650305	0.0686214	0.0719067	0.0748789	0.077532	0.079862	0.0818663	0.0835436	0.0848939	0.0859179	0.0866173	0.0869944	0.087052	0.0867936	0.0862227	0.0853436	0.0841607	0.082679	0.0809039	0.0788413	0.0764979	0.073881	0.0709988	0.0678602	0.0644754	0.0608554	0.0570124	0.0529596	0.0487114	
0.014479	0.019833	0.0250839	0.0302052	0.0351721	0.0399613	0.0445513	0.0489227	0.053058	0.056942	0.0605617	0.0639058	0.0669654	0.0697333	0.0722041	0.074374	0.0762406	0.0778026	0.0790601	0.0800137	0.0806651	0.0810162	0.0810699	0.0808292	0.0802976	0.0794789	0.0783773	0.0769974	0.0753443	0.0734235	0.0712411	0.068804	0.0661199	0.063197	0.0600448	0.0566736	0.0530946	0.0493203	0.045364	
0.0133233	0.0182499	0.0230816	0.0277942	0.0323646	0.0367715	0.0409952	0.0450176	0.0488229	0.0523969	0.0557276	0.0588048	0.0616202	0.0641671	0.0664407	0.0684374	0.070155	0.0715924	0.0727495	0.073627	0.0742263	0.0745495	0.0745989	0.0743774	0.0738882	0.0731349	0.0721212	0.0708515	0.0693303	0.0675628	0.0655546	0.0633121	0.0608422	0.0581526	0.055252	0.0521498	0.0488566	0.0453835	0.041743	
0.012084	0.0165524	0.0209346	0.0252089	0.0293542	0.0333512	0.0371819	0.0408302	0.0442815	0.0475231	0.0505439	0.0533349	0.0558884	0.0581985	0.0602606	0.0620716	0.0636294	0.0649331	0.0659826	0.0667785	0.0673221	0.0676152	0.06766	0.0674591	0.0670154	0.0663321	0.0654127	0.0642611	0.0628814	0.0612783	0.0594569	0.057423	0.0551828	0.0527434	0.0501126	0.047299	0.0443121	0.0411621	0.0378602	
0.010766	0.014747	0.0186513	0.0224593	0.0261525	0.0297136	0.0331265	0.0363769	0.0394518	0.0423398	0.0450312	0.0475177	0.0497927	0.0518509	0.0536881	0.0553015	0.0566894	0.0578509	0.0587859	0.059495	0.0599793	0.0602405	0.0602804	0.0601014	0.0597061	0.0590974	0.0582783	0.0572522	0.056023	0.0545948	0.0529721	0.05116	0.0491641	0.0469908	0.0446469	0.0421402	0.039479	0.0366726	0.0337309	
0.00937541	0.0128422	0.0162422	0.0195584	0.0227746	0.0258756	0.0288477	0.0316783	0.034356	0.036871	0.0392148	0.0413802	0.0433613	0.0451536	0.0467535	0.0481586	0.0493672	0.0503787	0.0511929	0.0518104	0.0522322	0.0524596	0.0524944	0.0523385	0.0519943	0.0514641	0.0507508	0.0498573	0.0487869	0.0475431	0.04613	0.0445519	0.0428139	0.0409213	0.0388802	0.0366972	0.0343798	0.0319358	0.0293741	
0.00791959	0.0108481	0.0137201	0.0165214	0.0192381	0.0218577	0.0243683	0.0267593	0.0290212	0.0311457	0.0331255	0.0349546	0.0366282	0.0381422	0.0394936	0.0406805	0.0417015	0.0425559	0.0432437	0.0437653	0.0441216	0.0443137	0.0443431	0.0442114	0.0439206	0.0434728	0.0428703	0.0421155	0.0412113	0.0401606	0.038967	0.0376339	0.0361658	0.034567	0.0328429	0.0309989	0.0290413	0.0269769	0.0248129	
0.00640715	0.00877636	0.0110999	0.0133662	0.0155641	0.0176834	0.0197145	0.0216489	0.0234789	0.0251976	0.0267994	0.0282792	0.0296331	0.030858	0.0319513	0.0329116	0.0337375	0.0344288	0.0349852	0.0354072	0.0356955	0.0358509	0.0358747	0.0357681	0.0355329	0.0351706	0.0346831	0.0340725	0.033341	0.032491	0.0315252	0.0304468	0.029259	0.0279656	0.0265707	0.0250789	0.0234951	0.021825	0.0200742	
0.00484783	0.00664044	0.00839851	0.0101132	0.0117762	0.0133797	0.0149166	0.0163802	0.0177648	0.0190652	0.0202771	0.0213968	0.0224212	0.023348	0.0241753	0.0249018	0.0255268	0.0260498	0.0264708	0.0267901	0.0270082	0.0271258	0.0271438	0.0270632	0.0268852	0.0266111	0.0262422	0.0257802	0.0252267	0.0245836	0.0238529	0.0230369	0.0221382	0.0211596	0.0201041	0.0189754	0.0177771	0.0165134	0.0151887	
0.00325239	0.00445504	0.00563453	0.00678493	0.00790064	0.00897642	0.0100075	0.0109894	0.0119183	0.0127908	0.0136039	0.014355	0.0150423	0.0156641	0.0162191	0.0167065	0.0171258	0.0174767	0.0177592	0.0179734	0.0181197	0.0181986	0.0182107	0.0181566	0.0180372	0.0178533	0.0176058	0.0172959	0.0169245	0.016493	0.0160028	0.0154554	0.0148524	0.0141959	0.0134878	0.0127305	0.0119266	0.0110788	0.0101901	
0.0016324	0.00223603	0.00282802	0.00340542	0.0039654	0.00450535	0.00502284	0.00551568	0.00598191	0.00641981	0.0068279	0.00720493	0.00754988	0.00786195	0.00814052	0.00838516	0.00859561	0.00877172	0.0089135	0.00902101	0.00909445	0.00913404	0.0091401	0.00911296	0.00905303	0.00896072	0.00883652	0.00868095	0.00849457	0.00827801	0.00803196	0.0077572	0.00745457	0.00712504	0.00676965	0.00638956	0.00598606	0.00556054	0.00511449	

0.000588019	0.000806119	0.00102092	0.00123155	0.00143715	0.00163689	0.00182998	0.00201563	0.00219311	0.00236173	0.00252082	0.00266978	0.00280804	0.00293508	0.00305042	0.00315365	0.0032444	0.00332235	0.00338724	0.00343887	0.00347707	0.00350174	0.00351284	0.00351036	0.00349436	0.00346495	0.00342228	0.00336655	0.003298	0.00321695	0.00312371	0.00301868	0.00290227	0.00277495	0.00263722	0.0024896	0.00233266	0.00216699	0.00199324	
0.00117225	0.00160705	0.00203527	0.00245517	0.00286505	0.00326325	0.00364817	0.00401827	0.00437209	0.00470824	0.00502541	0.00532237	0.005598	0.00585125	0.0060812	0.00628699	0.0064679	0.0066233	0.00675267	0.00685559	0.00693174	0.00698093	0.00700305	0.00699812	0.00696623	0.00690759	0.00682252	0.00671141	0.00657477	0.00641317	0.0062273	0.00601792	0.00578585	0.00553203	0.00525745	0.00496316	0.00465029	0.00432003	0.00397363	
0.00174894	0.00239763	0.00303651	0.00366298	0.0042745	0.00486859	0.00544287	0.00599505	0.00652293	0.00702445	0.00749765	0.0079407	0.00835192	0.00872976	0.00907282	0.00937986	0.00964977	0.00988162	0.0100746	0.0102282	0.0103418	0.0104152	0.0104482	0.0104408	0.0103932	0.0103058	0.0101788	0.0100131	0.00980921	0.00956811	0.00929081	0.00897841	0.00863219	0.0082535	0.00784383	0.00740477	0.00693798	0.00644526	0.00592845	
0.00231437	0.00317279	0.00401822	0.00484723	0.00565645	0.00644262	0.00720256	0.00793326	0.00863181	0.00929547	0.00992166	0.0105079	0.0110521	0.0115521	0.0120061	0.0124124	0.0127696	0.0130764	0.0133318	0.013535	0.0136853	0.0137824	0.0138261	0.0138164	0.0137534	0.0136376	0.0134697	0.0132503	0.0129805	0.0126615	0.0122945	0.0118812	0.011423	0.0109219	0.0103798	0.00979875	0.00918105	0.00852903	0.00784513	
0.00286494	0.00392756	0.00497411	0.00600033	0.00700206	0.00797524	0.00891597	0.00982049	0.0106852	0.0115068	0.0122819	0.0130077	0.0136813	0.0143002	0.0148622	0.0153652	0.0158073	0.0161871	0.0165033	0.0167548	0.0169409	0.0170611	0.0171152	0.0171031	0.0170252	0.0168819	0.016674	0.0164024	0.0160685	0.0156735	0.0152193	0.0147075	0.0141404	0.0135201	0.012849	0.0121298	0.0113651	0.010558	0.0097114	
0.00339711	0.00465712	0.00589808	0.00711493	0.00830273	0.00945668	0.0105722	0.0116447	0.0126701	0.0136442	0.0145633	0.0154239	0.0162227	0.0169566	0.0176229	0.0182193	0.0187436	0.0191939	0.0195688	0.0198671	0.0200878	0.0202303	0.0202944	0.0202801	0.0201877	0.0200178	0.0197712	0.0194493	0.0190533	0.018585	0.0180463	0.0174395	0.016767	0.0160315	0.0152358	0.0143829	0.0134762	0.0125192	0.0115153	
0.00390752	0.00535684	0.00678425	0.00818393	0.00955019	0.0108775	0.0121606	0.0133943	0.0145737	0.0156942	0.0167514	0.0177413	0.0186601	0.0195042	0.0202707	0.0209567	0.0215598	0.0220778	0.022509	0.022852	0.0231059	0.0232699	0.0233436	0.0233271	0.0232208	0.0230254	0.0227418	0.0223715	0.021916	0.0213773	0.0207578	0.0200598	0.0192862	0.0184402	0.0175249	0.0165439	0.015501	0.0144002	0.0132455	
0.00439294	0.0060223	0.00762703	0.00920058	0.0107366	0.0122288	0.0136713	0.0150582	0.0163841	0.0176438	0.0188324	0.0199452	0.0209781	0.0219272	0.0227889	0.0235601	0.024238	0.0248204	0.0253052	0.0256909	0.0259762	0.0261606	0.0262435	0.026225	0.0261055	0.0258857	0.0255669	0.0251506	0.0246385	0.0240329	0.0233364	0.0225517	0.0216821	0.0207309	0.0197019	0.0185991	0.0174266	0.016189	0.0148909	
0.00485031	0.00664932	0.00842112	0.0101585	0.0118544	0.013502	0.0150947	0.016626	0.01809	0.0194808	0.0207931	0.0220219	0.0231623	0.0242101	0.0251616	0.026013	0.0267616	0.0274046	0.0279398	0.0283657	0.0286808	0.0288843	0.0289758	0.0289554	0.0288235	0.0285808	0.0282288	0.0277691	0.0272038	0.0265351	0.0257661	0.0248997	0.0239395	0.0228893	0.0217532	0.0205356	0.019241	0.0178746	0.0164413	
0.00527679	0.00723399	0.00916159	0.0110517	0.0128968	0.0146892	0.0164219	0.0180879	0.0196806	0.0211938	0.0226215	0.0239582	0.0251989	0.0263389	0.027374	0.0283004	0.0291147	0.0298142	0.0303966	0.0308598	0.0312026	0.0314241	0.0315236	0.0315014	0.0313579	0.0310939	0.030711	0.0302109	0.0295958	0.0288684	0.0280317	0.0270891	0.0260445	0.024902	0.023666	0.0223412	0.0209329	0.0194463	0.017887	
0.00566975	0.0077727	0.00984385	0.0118748	0.0138572	0.0157831	0.0176448	0.0194349	0.0211462	0.0227721	0.0243061	0.0257424	0.0270755	0.0283004	0.0294125	0.0304079	0.0312829	0.0320345	0.0326602	0.033158	0.0335263	0.0337642	0.0338712	0.0338473	0.0336931	0.0334095	0.032998	0.0324606	0.0317997	0.0310182	0.0301192	0.0291065	0.0279841	0.0267564	0.0254283	0.024005	0.0224917	0.0208944	0.019219	
0.00602679	0.00826216	0.0104637	0.0126225	0.0147298	0.016777	0.018756	0.0206588	0.0224778	0.0242061	0.0258367	0.0273634	0.0287805	0.0300825	0.0312647	0.0323227	0.0332528	0.0340518	0.0347169	0.035246	0.0356375	0.0358904	0.0360041	0.0359788	0.0358148	0.0355134	0.035076	0.0345048	0.0338022	0.0329714	0.0320158	0.0309393	0.0297463	0.0284413	0.0270296	0.0255166	0.0239081	0.0222102	0.0204293	
0.00634575	0.00869943	0.0110175	0.0132906	0.0155094	0.0176649	0.0197486	0.0217521	0.0236674	0.0254871	0.027204	0.0288116	0.0303036	0.0316746	0.0329193	0.0340333	0.0350127	0.0358539	0.0365542	0.0371113	0.0375236	0.0377898	0.0379096	0.0378829	0.0377103	0.0373928	0.0369323	0.0363309	0.0355912	0.0347164	0.0337102	0.0325768	0.0313205	0.0299465	0.0284601	0.026867	0.0251734	0.0233856	0.0215105	
0.00662473	0.00908189	0.0115019	0.0138749	0.0161912	0.0184415	0.0206168	0.0227084	0.024708	0.0266076	0.0284	0.0300783	0.0316359	0.0330671	0.0343666	0.0355296	0.036552	0.0374302	0.0381613	0.0387429	0.0391733	0.0394512	0.0395763	0.0395484	0.0393681	0.0390368	0.038556	0.0379281	0.0371559	0.0362427	0.0351923	0.034009	0.0326975	0.0312631	0.0297113	0.0280482	0.0262801	0.0244137	0.0224561	
0.00686211	0.00940731	0.011914	0.014372	0.0167714	0.0191023	0.0213556	0.0235221	0.0255933	0.0275611	0.0294177	0.031156	0.0327695	0.034252	0.035598	0.0368027	0.0378617	0.0387714	0.0395287	0.0401311	0.0405769	0.0408649	0.0409944	0.0409655	0.0407788	0.0404356	0.0399376	0.0392872	0.0384873	0.0375413	0.0364533	0.0352276	0.0338691	0.0323833	0.030776	0.0290533	0.0272218	0.0252885	0.0232608	
0.00705653	0.00967385	0.0122516	0.0147792	0.0172466	0.0196436	0.0219606	0.0241885	0.0263184	0.0283419	0.0302512	0.0320388	0.0336979	0.0352224	0.0366066	0.0378454	0.0389344	0.0398699	0.0406486	0.0412682	0.0417266	0.0420227	0.0421559	0.0421261	0.0419342	0.0415812	0.0410691	0.0404003	0.0395777	0.038605	0.0374861	0.0362257	0.0348288	0.0333008	0.0316479	0.0298764	0.0279931	0.026005	0.0239198	
0.00720692	0.00988002	0.0125127	0.0150942	0.0176141	0.0200622	0.0224287	0.0247041	0.0268793	0.028946	0.0308959	0.0327216	0.0344161	0.0359731	0.0373868	0.038652	0.0397642	0.0407196	0.041515	0.0421477	0.0426159	0.0429183	0.0430543	0.0430239	0.0428279	0.0424674	0.0419444	0.0412613	0.0404212	0.0394277	0.038285	0.0369977	0.035571	0.0340106	0.0323224	0.0305131	0.0285897	0.0265593	0.0244296	
0.00731249	0.0100247	0.012696	0.0153153	0.0178721	0.0203561	0.0227572	0.0250659	0.0272731	0.02937	0.0313485	0.0332009	0.0349203	0.0365	0.0379344	0.0392182	0.0403467	0.0413161	0.0421231	0.0427651	0.0432401	0.0435469	0.043685	0.0436542	0.0434552	0.0430895	0.0425588	0.0418657	0.0410133	0.0400053	0.0388458	0.0375397	0.0360921	0.0345088	0.0327959	0.0309601	0.0290084	0.0269483	0.0247875	
0.00737273	0.0101073	0.0128006	0.0154415	0.0180194	0.0205238	0.0229447	0.0252724	0.0274977	0.0296119	0.0316067	0.0334744	0.0352079	0.0368007	0.0382469	0.0395412	0.0406791	0.0416564	0.0424701	0.0431174	0.0435963	0.0439057	0.0440448	0.0440138	0.0438132	0.0434444	0.0429094	0.0422106	0.0413512	0.0403348	0.0391658	0.0378489	0.0363894	0.034793	0.0330661	0.0312152	0.0292474	0.0271703	0.0249917	
0.00738742	0.0101275	0.0128261	0.0154722	0.0180553	0.0205647	0.0229904	0.0253228	0.0275525	0.0296709	0.0316697	0.0335411	0.0352781	0.0368741	0.0383231	0.03962	0.0407601	0.0417394	0.0425547	0.0432033	0.0436832	0.0439932	0.0441326	0.0441015	0.0439005	0.043531	0.0429949	0.0422947	0.0414336	0.0404152	0.0392439	0.0379243	0.0364619	0.0348624	0.0331319	0.0312773	0.0293057	0.0272244	0.0250415	
0.00735662	0.0100852	0.0127726	0.0154077	0.01798	0.0204789	0.0228946	0.0252172	0.0274377	0.0295472	0.0315376	0.0334013	0.035131	0.0367203	0.0381633	0.0394548	0.0405902	0.0415654	0.0423773	0.0430231	0.0435011	0.0438097	0.0439486	0.0439176	0.0437175	0.0433495	0.0428156	0.0421184	0.0412608	0.0402467	0.0390803	0.0377662	0.0363099	0.034717	0.0329938	0.0311469	0.0291835	0.0271109	0.0249371	
0.00728067	0.00998112	0.0126407	0.0152487	0.0177943	0.0202675	0.0226582	0.0249568	0.0271544	0.0292422	0.031212	0.0330564	0.0347683	0.0363412	0.0377693	0.0390475	0.0401711	0.0411363	0.0419398	0.042579	0.0430519	0.0433574	0.0434948	0.0434642	0.0432661	0.0429019	0.0423736	0.0416835	0.0408348	0.0398312	0.0386768	0.0373763	0.035935	0.0343586	0.0326532	0.0308254	0.0288822	0.026831	0.0246796	
0.00716017	0.00981592	0.0124315	0.0149963	0.0174998	0.0199321	0.0222832	0.0245438	0.026705	0.0287582	0.0306955	0.0325093	0.0341929	0.0357397	0.0371442	0.0384012	0.0395063	0.0404555	0.0412456	0.0418743	0.0423394	0.0426399	0.042775	0.0427448	0.04255	0.0421919	0.0416723	0.0409936	0.040159	0.039172	0.0380367	0.0367577	0.0353403	0.0337899	0.0321127	0.0303152	0.0284042	0.026387	0.0242711	
0.006996	0.00959086	0.0121465	0.0146525	0.0170986	0.0194751	0.0217723	0.0239811	0.0260927	0.0280988	0.0299917	0.0317639	0.0334089	0.0349203	0.0362926	0.0375208	0.0386005	0.0395279	0.0403	0.0409142	0.0413687	0.0416622	0.0417942	0.0417648	0.0415744	0.0412245	0.0407168	0.0400537	0.0392382	0.0382738	0.0371646	0.0359149	0.03453	0.0330152	0.0313765	0.0296201	0.0277529	0.025782	0.0237147	
0.00678929	0.00930748	0.0117876	0.0142195	0.0165934	0.0188996	0.021129	0.0232725	0.0253217	0.0272686	0.0291055	0.0308254	0.0324218	0.0338885	0.0352203	0.0364122	0.0374599	0.03836	0.0391092	0.0397053	0.0401463	0.0404312	0.0405593	0.0405308	0.0403461	0.0400065	0.0395138	0.0388703	0.0380789	0.037143	0.0360665	0.0348538	0.0335097	0.0320397	0.0304494	0.0287449	0.0269329	0.0250202	0.023014	
0.00654142	0.00896767	0.0113572	0.0137004	0.0159876	0.0182096	0.0203576	0.0224228	0.0243972	0.026273	0.0280429	0.0297	0.031238	0.0326513	0.0339344	0.0350828	0.0360923	0.0369595	0.0376814	0.0382557	0.0386806	0.0389551	0.0390785	0.039051	0.038873	0.0385458	0.0380711	0.0374511	0.0366886	0.0357869	0.0347497	0.0335813	0.0322863	0.0308699	0.0293377	0.0276955	0.0259496	0.0241067	0.0221737	
0.00625399	0.00857364	0.0108582	0.0130984	0.0152851	0.0174095	0.0194631	0.0214376	0.0233252	0.0251186	0.0268107	0.028395	0.0298655	0.0312166	0.0324433	0.0335412	0.0345064	0.0353355	0.0360257	0.0365747	0.036981	0.0372434	0.0373614	0.0373351	0.037165	0.0368522	0.0363983	0.0358055	0.0350765	0.0342144	0.0332228	0.0321057	0.0308677	0.0295135	0.0280486	0.0264786	0.0248094	0.0230475	0.0211994	
0.00592885	0.0081279	0.0102937	0.0124174	0.0144904	0.0165044	0.0184512	0.020323	0.0221126	0.0238127	0.0254168	0.0269187	0.0283128	0.0295936	0.0307566	0.0317974	0.0327124	0.0334984	0.0341527	0.0346732	0.0350584	0.0353071	0.035419	0.0353941	0.0352328	0.0349362	0.034506	0.033944	0.0332529	0.0324356	0.0314956	0.0304365	0.0292629	0.0279791	0.0265904	0.0251019	0.0235196	0.0218492	0.0200973	
0.00556804	0.00763326	0.00966725	0.0116617	0.0136086	0.0155	0.0173283	0.0190862	0.0207669	0.0223635	0.02387	0.0252806	0.0265897	0.0277927	0.0288849	0.0298624	0.0307217	0.0314598	0.0320743	0.0325631	0.0329248	0.0331585	0.0332636	0.0332401	0.0330886	0.0328101	0.032406	0.0318783	0.0312293	0.0304617	0.0295788	0.0285843	0.027482	0.0262764	0.0249722	0.0235743	0.0220882	0.0205196	0.0188742	
0.00517381	0.00709281	0.00898279	0.0108361	0.0126451	0.0144026	0.0161014	0.0177349	0.0192965	0.0207801	0.02218	0.0234906	0.0247071	0.0258249	0.0268398	0.027748	0.0285465	0.0292324	0.0298034	0.0302576	0.0305937	0.0308108	0.0309084	0.0308866	0.0307459	0.0304871	0.0301116	0.0296213	0.0290182	0.028305	0.0274846	0.0265605	0.0255362	0.024416	0.0232041	0.0219052	0.0205243	0.0190667	0.0175379	
0.0047486	0.00650988	0.00824453	0.00994548	0.0116058	0.0132189	0.0147781	0.0162773	0.0177106	0.0190723	0.0203571	0.02156	0.0226766	0.0237024	0.0246339	0.0254675	0.0262004	0.0268299	0.0273539	0.0277708	0.0280793	0.0282786	0.0283682	0.0283482	0.028219	0.0279815	0.0276369	0.0271868	0.0266333	0.0259787	0.0252257	0.0243776	0.0234375	0.0224093	0.021297	0.0201049	0.0188375	0.0174997	0.0160965	
0.00429499	0.00588803	0.00745698	0.00899545	0.0104972	0.0119562	0.0133665	0.0147225	0.0160188	0.0172505	0.0184125	0.0195006	0.0205104	0.0214383	0.0222808	0.0230348	0.0236976	0.024267	0.024741	0.0251181	0.0253971	0.0255773	0.0256584	0.0256403	0.0255234	0.0253086	0.0249969	0.0245898	0.0240892	0.0234971	0.0228161	0.0220489	0.0211987	0.0202687	0.0192627	0.0181844	0.0170381	0.0158281	0.0145589	
0.00381576	0.00523105	0.00662494	0.00799175	0.00932593	0.0106221	0.011875	0.0130798	0.0142315	0.0153257	0.0163581	0.0173247	0.0182219	0.0190462	0.0197947	0.0204646	0.0210535	0.0215593	0.0219804	0.0223154	0.0225633	0.0227234	0.0227954	0.0227794	0.0226756	0.0224847	0.0222078	0.0218461	0.0214013	0.0208753	0.0202703	0.0195887	0.0188334	0.0180072	0.0171134	0.0161554	0.015137	0.014062	0.0129345	
0.0033138	0.00454291	0.00575343	0.00694043	0.0080991	0.00922476	0.0103129	0.0113591	0.0123593	0.0133096	0.0142062	0.0150456	0.0158248	0.0165407	0.0171907	0.0177725	0.0182839	0.0187232	0.0190889	0.0193798	0.0195951	0.0197341	0.0197967	0.0197827	0.0196926	0.0195268	0.0192863	0.0189723	0.018586	0.0181292	0.0176037	0.0170118	0.0163558	0.0156383	0.0148621	0.0140302	0.0131457	0.0122121	0.0112329	
0.00279212	0.00382773	0.00484768	0.00584782	0.00682409	0.00777253	0.00868935	0.00957088	0.0104136	0.0112143	0.0119697	0.012677	0.0133335	0.0139368	0.0144844	0.0149746	0.0154055	0.0157757	0.0160838	0.0163289	0.0165103	0.0166275	0.0166802	0.0166684	0.0165924	0.0164528	0.0162501	0.0159855	0.01566	0.0152752	0.0148324	0.0143337	0.013781	0.0131764	0.0125224	0.0118214	0.0110762	0.0102896	0.00946456	
0.00225384	0.00308981	0.00391313	0.00472046	0.00550851	0.00627411	0.00701419	0.00772577	0.00840605	0.00905235	0.00966216	0.0102331	0.0107631	0.01125	0.0116921	0.0120877	0.0124356	0.0127344	0.0129831	0.013181	0.0133274	0.013422	0.0134645	0.013455	0.0133937	0.0132809	0.0131174	0.0129038	0.012641	0.0123303	0.011973	0.0115704	0.0111242	0.0106362	0.0101083	0.00954246	0.00894092	0.00830595	0.00763995	
0.00170219	0.00233354	0.00295534	0.00356506	0.00416023	0.00473844	0.00529737	0.00583479	0.00634856	0.00683667	0.00729722	0.00772843	0.00812866	0.0084964	0.00883029	0.00912911	0.00939181	0.00961746	0.00980531	0.00995475	0.0100653	0.0101368	0.0101689	0.0101617	0.0101154	0.0100303	0.00990673	0.0097454	0.00954698	0.00931234	0.00904244	0.0087384	0.00840143	0.00803287	0.00763415	0.00720682	0.00675252	0.00627296	0.00576997	
0.00114043	0.00156342	0.00198002	0.00238852	0.00278727	0.00317466	0.00354913	0.00390919	0.0042534	0.00458043	0.00488899	0.00517789	0.00544603	0.00569241	0.00591611	0.00611632	0.00629232	0.0064435	0.00656935	0.00666948	0.00674356	0.00679142	0.00681294	0.00680814	0.00677711	0.00672007	0.00663731	0.00652922	0.00639628	0.00623907	0.00605825	0.00585455	0.00562878	0.00538185	0.00511472	0.00482842	0.00452405	0.00420275	0.00386576	
0.00057191	0.000784034	0.000992951	0.00119781	0.00139778	0.00159205	0.00177984	0.0019604	0.00213302	0.00229702	0.00245176	0.00259664	0.00273111	0.00285467	0.00296685	0.00306725	0.00315551	0.00323133	0.00329444	0.00334465	0.00338181	0.0034058	0.0034166	0.00341419	0.00339863	0.00337002	0.00332852	0.00327431	0.00320765	0.00312881	0.00303813	0.00293597	0.00282276	0.00269893	0.00256496	0.00242139	0.00226875	0.00210762	0.00193863	

2.80652e-05	3.84807e-05	4.8747e-05	5.88241e-05	6.86731e-05	7.82556e-05	8.75346e-05	9.6474e-05	0.000105039	0.000113197	0.000120916	0.000128165	0.000134918	0.000141148	0.00014683	0.000151943	0.000156466	0.000160383	0.000163679	0.00016634	0.000168356	0.000169719	0.000170425	0.00017047	0.000169855	0.000168581	0.000166655	0.000164082	0.000160874	0.000157043	0.000152604	0.000147573	0.000141971	0.000135818	0.00012914	0.000121962	0.000114311	0.000106218	9.77135e-05	
5.59573e-05	7.67241e-05	9.71934e-05	0.000117286	0.000136923	0.000156029	0.000174529	0.000192353	0.000209431	0.000225696	0.000241086	0.00025554	0.000269004	0.000281425	0.000292754	0.000302948	0.000311968	0.000319778	0.000326348	0.000331653	0.000335673	0.000338392	0.000339799	0.000339889	0.000338662	0.000336123	0.000332282	0.000327153	0.000320757	0.000313118	0.000304266	0.000294236	0.000283066	0.000270799	0.000257484	0.000243172	0.000227918	0.000211781	0.000194824	
8.35043e-05	0.000114494	0.00014504	0.000175024	0.000204328	0.00023284	0.000260448	0.000287046	0.000312531	0.000336803	0.000359769	0.00038134	0.000401432	0.000419967	0.000436873	0.000452086	0.000465546	0.0004772	0.000487005	0.000494922	0.000500921	0.000504978	0.000507078	0.000507212	0.000505382	0.000501593	0.00049586	0.000488206	0.000478661	0.000467262	0.000454053	0.000439084	0.000422416	0.000404111	0.000384241	0.000362882	0.000340119	0.000316038	0.000290734	
0.000110536	0.000151559	0.000191993	0.000231683	0.000270473	0.000308215	0.00034476	0.000379969	0.000413703	0.000445833	0.000476234	0.000504788	0.000531384	0.000555919	0.000578298	0.000598436	0.000616253	0.00063168	0.000644659	0.000655139	0.00066308	0.00066845	0.00067123	0.000671408	0.000668985	0.000663969	0.000656381	0.000646249	0.000633614	0.000618525	0.000601039	0.000581225	0.000559161	0.00053493	0.000508628	0.000480355	0.000450223	0.000418347	0.000384851	
0.000136887	0.000187689	0.000237762	0.000286913	0.000334951	0.000381689	0.000426947	0.000470549	0.000512325	0.000552115	0.000589762	0.000625123	0.000658059	0.000688443	0.000716158	0.000741095	0.00076316	0.000782265	0.000798338	0.000811316	0.00082115	0.0008278	0.000831242	0.000831463	0.000828462	0.000822251	0.000812854	0.000800307	0.00078466	0.000765973	0.00074432	0.000719783	0.000692458	0.000662451	0.000629878	0.000594866	0.00055755	0.000518076	0.000476594	
0.000162393	0.000222661	0.000282065	0.000340374	0.000397363	0.00045281	0.000506501	0.000558227	0.000607788	0.000654991	0.000699654	0.000741603	0.000780676	0.000816722	0.000849601	0.000879185	0.000905361	0.000928026	0.000947094	0.000962491	0.000974156	0.000982046	0.00098613	0.000986392	0.000982831	0.000975463	0.000964315	0.00094943	0.000930868	0.000908699	0.00088301	0.000853901	0.000821485	0.000785887	0.000747245	0.000705709	0.00066144	0.00061461	0.000565399	
0.000186899	0.00025626	0.000324628	0.000391736	0.000457325	0.000521139	0.000582932	0.000642463	0.000699503	0.000753829	0.000805232	0.000853511	0.00089848	0.000939965	0.000977805	0.00101185	0.00104198	0.00106807	0.00109001	0.00110773	0.00112116	0.00113024	0.00113494	0.00113524	0.00113114	0.00112266	0.00110983	0.0010927	0.00107134	0.00104582	0.00101626	0.000982754	0.000945446	0.000904477	0.000860004	0.0008122	0.000761251	0.000707354	0.000650718	
0.000210251	0.00028828	0.00036519	0.000440683	0.000514467	0.000586255	0.000655768	0.000722738	0.000786905	0.000848019	0.000905844	0.000960156	0.00101074	0.00105741	0.00109998	0.00113828	0.00117217	0.00120152	0.00122621	0.00124614	0.00126124	0.00127146	0.00127674	0.00127708	0.00127247	0.00126293	0.0012485	0.00122923	0.0012052	0.00117649	0.00114324	0.00110555	0.00106358	0.00101749	0.00096746	0.000913683	0.000856368	0.000795737	0.000732024	
0.000232307	0.000318521	0.0004035	0.000486913	0.000568436	0.000647755	0.000724561	0.000798556	0.000869454	0.000936979	0.00100087	0.00106088	0.00111677	0.00116834	0.00121537	0.00125769	0.00129514	0.00132756	0.00135484	0.00137686	0.00139355	0.00140484	0.00141068	0.00141106	0.00140596	0.00139542	0.00137947	0.00135818	0.00133163	0.00129991	0.00126317	0.00122152	0.00117515	0.00112423	0.00106895	0.00100953	0.000946205	0.000879213	0.000808816	
0.000252931	0.000346799	0.000439322	0.00053014	0.000618901	0.000705262	0.000788886	0.000869451	0.000946642	0.00102016	0.00108973	0.00115506	0.00121592	0.00127206	0.00132327	0.00136935	0.00141012	0.00144542	0.00147512	0.0014991	0.00151727	0.00152956	0.00153592	0.00153633	0.00153078	0.0015193	0.00150194	0.00147876	0.00144985	0.00141532	0.00137531	0.00132997	0.00127948	0.00122403	0.00116385	0.00109916	0.00103021	0.000957267	0.000880621	
0.000271995	0.000372938	0.000472435	0.000570098	0.00066555	0.000758419	0.000848347	0.000934984	0.00101799	0.00109706	0.00117186	0.00124212	0.00130757	0.00136794	0.00142301	0.00147256	0.0015164	0.00155437	0.0015863	0.00161209	0.00163163	0.00164484	0.00165168	0.00165212	0.00164616	0.00163382	0.00161515	0.00159022	0.00155912	0.00152199	0.00147897	0.00143021	0.00137592	0.00131629	0.00125157	0.001182	0.00110786	0.00102942	0.000946996	
0.000289382	0.000396778	0.000502635	0.000606541	0.000708094	0.000806901	0.000902577	0.000994752	0.00108307	0.00116718	0.00124677	0.00132152	0.00139115	0.00145539	0.00151397	0.00156669	0.00161334	0.00165373	0.00168771	0.00171514	0.00173593	0.00174999	0.00175727	0.00175773	0.00175139	0.00173826	0.00171839	0.00169187	0.00165879	0.00161929	0.00157351	0.00152164	0.00146387	0.00140044	0.00133158	0.00125756	0.00117868	0.00109522	0.00100753	
0.000304985	0.000418171	0.000529735	0.000639244	0.000746273	0.000850407	0.000951241	0.00104839	0.00114146	0.00123012	0.00131399	0.00139278	0.00146616	0.00153386	0.0015956	0.00165117	0.00170033	0.00174289	0.0017787	0.00180762	0.00182953	0.00184434	0.00185201	0.00185251	0.00184582	0.00183198	0.00181104	0.00178309	0.00174823	0.00170659	0.00165835	0.00160368	0.0015428	0.00147594	0.00140337	0.00132537	0.00124223	0.00115428	0.00106186	
0.000318707	0.000436986	0.00055357	0.000668006	0.00077985	0.000888669	0.000994041	0.00109556	0.00119282	0.00128546	0.00137312	0.00145544	0.00153213	0.00160287	0.0016674	0.00172546	0.00177683	0.00182131	0.00185873	0.00188895	0.00191184	0.00192733	0.00193534	0.00193586	0.00192887	0.00191441	0.00189253	0.00186332	0.00182689	0.00178338	0.00173296	0.00167584	0.00161222	0.00154235	0.00146652	0.001385	0.00129812	0.00120621	0.00110963	
0.000330465	0.000453107	0.000573991	0.000692649	0.000808619	0.000921452	0.00103071	0.00113597	0.00123683	0.00133288	0.00142377	0.00150914	0.00158865	0.001662	0.00172891	0.00178911	0.00184238	0.0018885	0.0019273	0.00195863	0.00198237	0.00199843	0.00200674	0.00200727	0.00200003	0.00198503	0.00196234	0.00193206	0.00189428	0.00184917	0.00179689	0.00173766	0.00167169	0.00159925	0.00152062	0.00143609	0.00134601	0.00125071	0.00115057	
0.000340184	0.000466434	0.000590873	0.000713021	0.000832402	0.000948554	0.00106103	0.00116938	0.0012732	0.00137209	0.00146565	0.00155352	0.00163537	0.00171088	0.00177976	0.00184173	0.00189656	0.00194404	0.00198399	0.00201624	0.00204068	0.0020572	0.00206576	0.00206631	0.00205885	0.00204341	0.00202006	0.00198888	0.00195	0.00190356	0.00184974	0.00178877	0.00172086	0.00164629	0.00156534	0.00147833	0.00138559	0.00128749	0.00118441	
0.000347806	0.000476884	0.000604112	0.000728997	0.000851053	0.000969807	0.0010848	0.00119558	0.00130173	0.00140283	0.00149849	0.00158833	0.00167202	0.00174922	0.00181963	0.001883	0.00193906	0.0019876	0.00202844	0.00206142	0.0020864	0.0021033	0.00211204	0.00211261	0.00210498	0.0020892	0.00206532	0.00203344	0.00199369	0.00194621	0.00189119	0.00182884	0.00175942	0.00168317	0.00160041	0.00151145	0.00141664	0.00131634	0.00121094	
0.000353284	0.000484395	0.000613627	0.000740478	0.000864456	0.000985081	0.00110188	0.00121441	0.00132223	0.00142492	0.00152209	0.00161335	0.00169835	0.00177677	0.00184829	0.00191265	0.0019696	0.00201891	0.00206039	0.00209388	0.00211926	0.00213642	0.00214531	0.00214588	0.00213813	0.0021221	0.00209785	0.00206547	0.00202509	0.00197686	0.00192097	0.00185765	0.00178713	0.00170968	0.00162562	0.00153526	0.00143895	0.00133707	0.00123002	
0.000356584	0.000488919	0.000619358	0.000747394	0.00087253	0.000994282	0.00111218	0.00122576	0.00133458	0.00143823	0.0015363	0.00162841	0.00171421	0.00179336	0.00186555	0.00193052	0.00198799	0.00203776	0.00207963	0.00211344	0.00213905	0.00215638	0.00216534	0.00216592	0.0021581	0.00214192	0.00211744	0.00208476	0.002044	0.00199532	0.00193891	0.001875	0.00180382	0.00172565	0.0016408	0.0015496	0.00145239	0.00134956	0.0012415	
0.000357685	0.000490429	0.00062127	0.000749702	0.000875224	0.000997352	0.00111561	0.00122954	0.0013387	0.00144267	0.00154105	0.00163344	0.0017195	0.0017989	0.00187132	0.00193648	0.00199413	0.00204405	0.00208605	0.00211996	0.00214566	0.00216304	0.00217203	0.00217261	0.00216477	0.00214854	0.00212398	0.0020912	0.00205031	0.00200148	0.0019449	0.00188079	0.00180939	0.00173098	0.00164587	0.00155438	0.00145688	0.00135373	0.00124534	
0.000356581	0.000488915	0.000619353	0.000747387	0.000872523	0.000994273	0.00111217	0.00122575	0.00133457	0.00143822	0.00153629	0.0016284	0.0017142	0.00179334	0.00186554	0.0019305	0.00198798	0.00203774	0.00207961	0.00211342	0.00213903	0.00215636	0.00216533	0.0021659	0.00215808	0.0021419	0.00211742	0.00208474	0.00204398	0.00199531	0.0019389	0.00187498	0.0018038	0.00172564	0.00164079	0.00154958	0.00145238	0.00134955	0.00124149	
0.000353278	0.000484387	0.000613616	0.000740465	0.000864441	0.000985064	0.00110187	0.00121439	0.00132221	0.0014249	0.00152206	0.00161332	0.00169832	0.00177673	0.00184826	0.00191262	0.00196956	0.00201887	0.00206035	0.00209385	0.00211922	0.00213639	0.00214527	0.00214584	0.0021381	0.00212207	0.00209781	0.00206543	0.00202505	0.00197682	0.00192094	0.00185762	0.0017871	0.00170965	0.00162559	0.00153523	0.00143893	0.00133705	0.00123	
0.000347798	0.000476872	0.000604097	0.000728978	0.000851031	0.000969782	0.00108477	0.00119555	0.0013017	0.00140279	0.00149845	0.00158829	0.00167197	0.00174917	0.00181959	0.00188295	0.00193901	0.00198755	0.00202839	0.00206136	0.00208635	0.00210324	0.00211199	0.00211255	0.00210493	0.00208915	0.00206527	0.00203339	0.00199364	0.00194616	0.00189114	0.0018288	0.00175937	0.00168313	0.00160037	0.00151141	0.0014166	0.00131631	0.00121091	
0.000340173	0.000466418	0.000590853	0.000712997	0.000832374	0.000948522	0.00106099	0.00116934	0.00127316	0.00137204	0.0014656	0.00155347	0.00163532	0.00171082	0.0017797	0.00184167	0.0018965	0.00194398	0.00198392	0.00201617	0.00204061	0.00205714	0.00206569	0.00206624	0.00205878	0.00204334	0.00201999	0.00198881	0.00194993	0.00190349	0.00184968	0.0017887	0.0017208	0.00164623	0.00156529	0.00147828	0.00138555	0.00128745	0.00118437	
0.000330451	0.000453088	0.000573967	0.000692619	0.000808585	0.000921414	0.00103067	0.00113592	0.00123677	0.00133283	0.00142371	0.00150907	0.00158858	0.00166193	0.00172883	0.00178903	0.0018423	0.00188842	0.00192722	0.00195855	0.00198229	0.00199834	0.00200665	0.00200719	0.00199994	0.00198495	0.00196226	0.00193197	0.0018942	0.00184909	0.00179682	0.00173758	0.00167162	0.00159918	0.00152055	0.00143603	0.00134595	0.00125066	0.00115052	
0.000318692	0.000436965	0.000553542	0.000667972	0.000779811	0.000888625	0.000993991	0.0010955	0.00119276	0.0012854	0.00137305	0.00145537	0.00153205	0.00160279	0.00166731	0.00172537	0.00177674	0.00182122	0.00185864	0.00188885	0.00191175	0.00192723	0.00193525	0.00193576	0.00192877	0.00191431	0.00189243	0.00186322	0.0018268	0.00178329	0.00173288	0.00167575	0.00161214	0.00154228	0.00146644	0.00138493	0.00129805	0.00120615	0.00110958	
0.000304968	0.000418147	0.000529705	0.000639207	0.00074623	0.000850358	0.000951187	0.00104833	0.0011414	0.00123004	0.00131392	0.0013927	0.00146608	0.00153377	0.00159551	0.00165107	0.00170023	0.00174279	0.0017786	0.00180751	0.00182942	0.00184424	0.00185191	0.0018524	0.00184571	0.00183188	0.00181094	0.00178299	0.00174813	0.0017065	0.00165825	0.00160359	0.00154271	0.00147586	0.00140329	0.00132529	0.00124216	0.00115421	0.00106179	
0.000289364	0.000396753	0.000502602	0.000606502	0.000708049	0.000806849	0.000902519	0.000994688	0.001083	0.00116711	0.00124669	0.00132144	0.00139106	0.00145529	0.00151388	0.00156659	0.00161323	0.00165362	0.0016876	0.00171503	0.00173582	0.00174988	0.00175715	0.00175762	0.00175128	0.00173815	0.00171828	0.00169176	0.00165868	0.00161918	0.00157341	0.00152154	0.00146378	0.00140035	0.00133149	0.00125748	0.0011786	0.00109515	0.00100747	
0.000271976	0.000372912	0.000472401	0.000570057	0.000665502	0.000758365	0.000848286	0.000934917	0.00101792	0.00109698	0.00117178	0.00124203	0.00130747	0.00136784	0.00142291	0.00147246	0.0015163	0.00155426	0.00158619	0.00161198	0.00163151	0.00164473	0.00165157	0.00165201	0.00164604	0.0016337	0.00161503	0.0015901	0.00155901	0.00152189	0.00147886	0.00143011	0.00137582	0.0013162	0.00125148	0.00118192	0.00110778	0.00102935	0.000946929	
0.000252912	0.000346772	0.000439287	0.000530099	0.000618853	0.000705207	0.000788825	0.000869383	0.000946569	0.00102008	0.00108964	0.00115497	0.00121583	0.00127196	0.00132317	0.00136924	0.00141001	0.00144531	0.001475	0.00149898	0.00151715	0.00152944	0.0015358	0.00153621	0.00153066	0.00151919	0.00150182	0.00147864	0.00144973	0.00141521	0.0013752	0.00132987	0.00127938	0.00122394	0.00116376	0.00109907	0.00103013	0.000957193	0.000880553	
0.000232288	0.000318495	0.000403466	0.000486872	0.000568389	0.000647701	0.000724501	0.00079849	0.000869382	0.000936901	0.00100079	0.00106079	0.00111668	0.00116824	0.00121527	0.00125759	0.00129503	0.00132745	0.00135473	0.00137675	0.00139344	0.00140472	0.00141056	0.00141094	0.00140584	0.0013953	0.00137936	0.00135807	0.00133152	0.00129981	0.00126306	0.00122142	0.00117505	0.00112413	0.00106886	0.00100945	0.000946126	0.000879139	0.000808749	
0.000210233	0.000288254	0.000365157	0.000440644	0.000514421	0.000586203	0.00065571	0.000722674	0.000786835	0.000847943	0.000905763	0.00096007	0.00101065	0.00105732	0.00109988	0.00113818	0.00117207	0.00120141	0.0012261	0.00124603	0.00126113	0.00127134	0.00127663	0.00127697	0.00127236	0.00126282	0.00124839	0.00122912	0.00120509	0.00117639	0.00114313	0.00110545	0.00106348	0.0010174	0.000967374	0.000913602	0.000856292	0.000795666	0.000731959	
0.000186881	0.000256236	0.000324598	0.0003917	0.000457282	0.00052109	0.000582877	0.000642403	0.000699437	0.000753759	0.000805156	0.000853431	0.000898396	0.000939877	0.000977714	0.00101176	0.00104188	0.00106797	0.00108991	0.00110763	0.00112105	0.00113013	0.00113483	0.00113513	0.00113103	0.00112255	0.00110973	0.0010926	0.00107123	0.00104572	0.00101616	0.000982663	0.000945358	0.000904392	0.000859923	0.000812124	0.00076118	0.000707288	0.000650657	
0.000162378	0.000222639	0.000282037	0.000340341	0.000397324	0.000452766	0.000506452	0.000558173	0.000607729	0.000654927	0.000699586	0.000741531	0.0007806	0.000816642	0.000849518	0.000879099	0.000905272	0.000927936	0.000947002	0.000962397	0.000974061	0.00098195	0.000986033	0.000986295	0.000982735	0.000975367	0.00096422	0.000949337	0.000930777	0.00090861	0.000882924	0.000853818	0.000821404	0.00078581	0.000747172	0.00070564	0.000661375	0.00061455	0.000565344	
0.000136873	0.00018767	0.000237738	0.000286884	0.000334917	0.000381651	0.000426904	0.000470501	0.000512273	0.000552059	0.000589703	0.000625059	0.000657992	0.000688373	0.000716085	0.00074102	0.000763082	0.000782186	0.000798257	0.000811234	0.000821066	0.000827716	0.000831158	0.000831379	0.000828378	0.000822168	0.000812771	0.000800226	0.000784581	0.000765896	0.000744244	0.00071971	0.000692387	0.000662384	0.000629814	0.000594806	0.000557494	0.000518023	0.000476546	
0.000110525	0.000151543	0.000191973	0.000231658	0.000270445	0.000308183	0.000344725	0.000379929	0.00041366	0.000445787	0.000476184	0.000504735	0.000531328	0.000555861	0.000578238	0.000598373	0.000616188	0.000631614	0.000644592	0.000655071	0.00066301	0.00066838	0.00067116	0.000671338	0.000668915	0.0006639	0.000656312	0.000646182	0.000633548	0.00061846	0.000600976	0.000581165	0.000559102	0.000534874	0.000508574	0.000480305	0.000450176	0.000418303	0.000384811	
8.34954e-05	0.000114482	0.000145025	0.000175005	0.000204306	0.000232815	0.00026042	0.000287015	0.000312497	0.000336767	0.000359731	0.000381299	0.000401389	0.000419922	0.000436827	0.000452038	0.000465496	0.000477149	0.000486953	0.000494869	0.000500867	0.000504924	0.000507024	0.000507158	0.000505328	0.000501539	0.000495807	0.000488154	0.00047861	0.000467212	0.000454004	0.000439038	0.000422371	0.000404068	0.0003842	0.000362844	0.000340083	0.000316005	0.000290703	
5.59512e-05	7.67158e-05	9.71828e-05	0.000117273	0.000136908	0.000156012	0.00017451	0.000192332	0.000209408	0.000225671	0.00024106	0.000255513	0.000268975	0.000281394	0.000292722	0.000302915	0.000311934	0.000319743	0.000326313	0.000331617	0.000335637	0.000338355	0.000339762	0.000339852	0.000338626	0.000336087	0.000332246	0.000327118	0.000320722	0.000313084	0.000304233	0.000294204	0.000283035	0.00027077	0.000257456	0.000243146	0.000227893	0.000211758	0.000194803	
2.80621e-05	3.84765e-05	4.87417e-05	5.88177e-05	6.86656e-05	7.8247e-05	8.7525e-05	9.64634e-05	0.000105028	0.000113185	0.000120902	0.000128151	0.000134903	0.000141132	0.000146814	0.000151926	0.000156449	0.000160366	0.000163661	0.000166321	0.000168337	0.000169701	0.000170406	0.000170452	0.000169836	0.000168563	0.000166637	0.000164064	0.000160857	0.000157026	0.000152587	0.000147557	0.000141955	0.000135804	0.000129126	0.000121949	0.000114299	0.000106206	9.77028e-05	

1.85201e-07	2.53934e-07	3.21682e-07	3.88184e-07	4.53181e-07	5.16423e-07	5.77662e-07	6.36663e-07	6.93197e-07	7.47044e-07	7.97996e-07	8.45855e-07	8.90436e-07	9.31566e-07	9.69086e-07	1.00285e-06	1.03273e-06	1.0586e-06	1.08038e-06	1.09796e-06	1.11129e-06	1.12031e-06	1.125e-06	1.12532e-06	1.12128e-06	1.11289e-06	1.1002e-06	1.08323e-06	1.06207e-06	1.0368e-06	1.0075e-06	9.74305e-07	9.3733e-07	8.96723e-07	8.52641e-07	8.05254e-07	7.54746e-07	7.01313e-07	6.45162e-07	
3.6926e-07	5.06302e-07	6.41381e-07	7.73975e-07	9.03569e-07	1.02966e-06	1.15176e-06	1.2694e-06	1.38212e-06	1.48948e-06	1.59107e-06	1.68649e-06	1.77538e-06	1.85739e-06	1.9322e-06	1.99952e-06	2.05909e-06	2.11068e-06	2.15409e-06	2.18915e-06	2.21573e-06	2.23372e-06	2.24306e-06	2.2437e-06	2.23564e-06	2.21893e-06	2.19361e-06	2.15979e-06	2.1176e-06	2.0672e-06	2.0088e-06	1.9426e-06	1.86888e-06	1.78792e-06	1.70002e-06	1.60554e-06	1.50484e-06	1.3983e-06	1.28635e-06	
5.51043e-07	7.55548e-07	9.57126e-07	1.15499e-06	1.34839e-06	1.53655e-06	1.71876e-06	1.89431e-06	2.06252e-06	2.22274e-06	2.37434e-06	2.51674e-06	2.64938e-06	2.77176e-06	2.8834e-06	2.98386e-06	3.07275e-06	3.14974e-06	3.21452e-06	3.26685e-06	3.30651e-06	3.33336e-06	3.34729e-06	3.34825e-06	3.33623e-06	3.31128e-06	3.2735e-06	3.22303e-06	3.16007e-06	3.08486e-06	2.9977e-06	2.89892e-06	2.78891e-06	2.66809e-06	2.53693e-06	2.39593e-06	2.24565e-06	2.08667e-06	1.9196e-06	
7.29428e-07	1.00014e-06	1.26697e-06	1.52889e-06	1.78489e-06	2.03397e-06	2.27517e-06	2.50755e-06	2.73021e-06	2.94229e-06	3.14296e-06	3.33146e-06	3.50705e-06	3.66904e-06	3.81682e-06	3.9498e-06	4.06747e-06	4.16939e-06	4.25514e-06	4.3244e-06	4.3769e-06	4.41244e-06	4.43088e-06	4.43215e-06	4.41624e-06	4.38322e-06	4.3332e-06	4.2664e-06	4.18306e-06	4.08351e-06	3.96813e-06	3.83737e-06	3.69175e-06	3.53181e-06	3.35819e-06	3.17155e-06	2.97262e-06	2.76217e-06	2.54102e-06	
9.03316e-07	1.23856e-06	1.569e-06	1.89336e-06	2.21039e-06	2.51885e-06	2.81754e-06	3.10532e-06	3.38106e-06	3.6437e-06	3.89222e-06	4.12565e-06	4.34309e-06	4.5437e-06	4.72671e-06	4.89139e-06	5.03712e-06	5.16332e-06	5.26952e-06	5.35529e-06	5.42031e-06	5.46432e-06	5.48716e-06	5.48873e-06	5.46903e-06	5.42813e-06	5.36619e-06	5.28346e-06	5.18026e-06	5.05697e-06	4.91409e-06	4.75216e-06	4.57182e-06	4.37376e-06	4.15875e-06	3.92762e-06	3.68126e-06	3.42065e-06	3.14677e-06	
1.07164e-06	1.46935e-06	1.86136e-06	2.24616e-06	2.62226e-06	2.98819e-06	3.34255e-06	3.68395e-06	4.01107e-06	4.32264e-06	4.61747e-06	4.8944e-06	5.15236e-06	5.39035e-06	5.60745e-06	5.80282e-06	5.97571e-06	6.12543e-06	6.25141e-06	6.35317e-06	6.4303e-06	6.48251e-06	6.5096e-06	6.51147e-06	6.48809e-06	6.43957e-06	6.3661e-06	6.26795e-06	6.14551e-06	5.99926e-06	5.82975e-06	5.63765e-06	5.42371e-06	5.18874e-06	4.93366e-06	4.65947e-06	4.36721e-06	4.05803e-06	3.73312e-06	
1.23335e-06	1.69107e-06	2.14224e-06	2.58511e-06	3.01796e-06	3.43912e-06	3.84694e-06	4.23986e-06	4.61635e-06	4.97494e-06	5.31425e-06	5.63297e-06	5.92986e-06	6.20377e-06	6.45363e-06	6.67848e-06	6.87745e-06	7.04977e-06	7.19476e-06	7.31187e-06	7.40065e-06	7.46074e-06	7.49192e-06	7.49406e-06	7.46716e-06	7.41132e-06	7.32676e-06	7.2138e-06	7.07289e-06	6.90456e-06	6.70947e-06	6.48839e-06	6.24215e-06	5.97173e-06	5.67816e-06	5.36259e-06	5.02623e-06	4.6704e-06	4.29646e-06	
1.38745e-06	1.90237e-06	2.40992e-06	2.90812e-06	3.39506e-06	3.86884e-06	4.32762e-06	4.76963e-06	5.19316e-06	5.59656e-06	5.97827e-06	6.33682e-06	6.6708e-06	6.97893e-06	7.26002e-06	7.51296e-06	7.7368e-06	7.93064e-06	8.09375e-06	8.2255e-06	8.32536e-06	8.39297e-06	8.42804e-06	8.43045e-06	8.40019e-06	8.33737e-06	8.24224e-06	8.11517e-06	7.95665e-06	7.76729e-06	7.54783e-06	7.29912e-06	7.02212e-06	6.7179e-06	6.38765e-06	6.03265e-06	5.65426e-06	5.25397e-06	4.83331e-06	
1.53301e-06	2.10195e-06	2.66274e-06	3.21321e-06	3.75123e-06	4.27471e-06	4.78162e-06	5.27e-06	5.73796e-06	6.18368e-06	6.60544e-06	7.00159e-06	7.37062e-06	7.71107e-06	8.02164e-06	8.30113e-06	8.54844e-06	8.76262e-06	8.94285e-06	9.08841e-06	9.19875e-06	9.27345e-06	9.3122e-06	9.31486e-06	9.28143e-06	9.21202e-06	9.10691e-06	8.96651e-06	8.79136e-06	8.58213e-06	8.33965e-06	8.06485e-06	7.75879e-06	7.42266e-06	7.05776e-06	6.66552e-06	6.24744e-06	5.80514e-06	5.34035e-06	
1.66911e-06	2.28856e-06	2.89914e-06	3.49848e-06	4.08426e-06	4.65422e-06	5.20614e-06	5.73788e-06	6.24738e-06	6.73268e-06	7.19188e-06	7.6232e-06	8.02499e-06	8.39567e-06	8.73381e-06	9.03811e-06	9.30738e-06	9.54058e-06	9.7368e-06	9.89529e-06	1.00154e-05	1.00968e-05	1.01389e-05	1.01418e-05	1.01054e-05	1.00299e-05	9.91543e-06	9.76257e-06	9.57186e-06	9.34407e-06	9.08005e-06	8.78085e-06	8.44762e-06	8.08165e-06	7.68436e-06	7.25729e-06	6.80209e-06	6.32053e-06	5.81448e-06	
1.79492e-06	2.46106e-06	3.11766e-06	3.76218e-06	4.39212e-06	5.00504e-06	5.59856e-06	6.17038e-06	6.71829e-06	7.24016e-06	7.73397e-06	8.19781e-06	8.62988e-06	9.0285e-06	9.39214e-06	9.71937e-06	1.00089e-05	1.02597e-05	1.04707e-05	1.06412e-05	1.07704e-05	1.08578e-05	1.09032e-05	1.09063e-05	1.08672e-05	1.07859e-05	1.06628e-05	1.04984e-05	1.02934e-05	1.00484e-05	9.76448e-06	9.44272e-06	9.08437e-06	8.69082e-06	8.26358e-06	7.80432e-06	7.31481e-06	6.79695e-06	6.25275e-06	
1.90967e-06	2.61839e-06	3.31697e-06	4.00269e-06	4.6729e-06	5.325e-06	5.95646e-06	6.56484e-06	7.14777e-06	7.70301e-06	8.22839e-06	8.72188e-06	9.18157e-06	9.60568e-06	9.99256e-06	1.03407e-05	1.06488e-05	1.09156e-05	1.11401e-05	1.13214e-05	1.14589e-05	1.15519e-05	1.16002e-05	1.16035e-05	1.15619e-05	1.14754e-05	1.13445e-05	1.11696e-05	1.09514e-05	1.06908e-05	1.03887e-05	1.00464e-05	9.66512e-06	9.2464e-06	8.79185e-06	8.30323e-06	7.78243e-06	7.23146e-06	6.65247e-06	
2.01264e-06	2.75958e-06	3.49582e-06	4.21852e-06	4.92487e-06	5.61213e-06	6.27764e-06	6.91882e-06	7.53319e-06	8.11836e-06	8.67207e-06	9.19217e-06	9.67665e-06	1.01236e-05	1.05314e-05	1.08983e-05	1.1223e-05	1.15042e-05	1.17408e-05	1.19319e-05	1.20768e-05	1.21748e-05	1.22257e-05	1.22292e-05	1.21853e-05	1.20942e-05	1.19562e-05	1.17719e-05	1.15419e-05	1.12672e-05	1.09489e-05	1.05881e-05	1.01863e-05	9.74498e-06	9.26592e-06	8.75095e-06	8.20206e-06	7.62139e-06	7.01118e-06	
2.1032e-06	2.88375e-06	3.65313e-06	4.40834e-06	5.14647e-06	5.86466e-06	6.56012e-06	7.23015e-06	7.87216e-06	8.48367e-06	9.06229e-06	9.6058e-06	1.01121e-05	1.05792e-05	1.10052e-05	1.13887e-05	1.1728e-05	1.20218e-05	1.22691e-05	1.24688e-05	1.26202e-05	1.27227e-05	1.27758e-05	1.27795e-05	1.27336e-05	1.26384e-05	1.24942e-05	1.23016e-05	1.20613e-05	1.17742e-05	1.14415e-05	1.10645e-05	1.06446e-05	1.01835e-05	9.68286e-06	9.14472e-06	8.57113e-06	7.96433e-06	7.32667e-06	
2.1808e-06	2.99015e-06	3.78791e-06	4.57098e-06	5.33635e-06	6.08103e-06	6.80215e-06	7.4969e-06	8.1626e-06	8.79667e-06	9.39664e-06	9.96019e-06	1.04852e-05	1.09695e-05	1.14113e-05	1.18089e-05	1.21607e-05	1.24654e-05	1.27217e-05	1.29288e-05	1.30858e-05	1.3192e-05	1.32472e-05	1.3251e-05	1.32034e-05	1.31047e-05	1.29551e-05	1.27554e-05	1.25062e-05	1.22086e-05	1.18637e-05	1.14727e-05	1.10373e-05	1.05592e-05	1.00401e-05	9.4821e-06	8.88736e-06	8.25817e-06	7.59698e-06	
2.24495e-06	3.0781e-06	3.89933e-06	4.70545e-06	5.49332e-06	6.25991e-06	7.00224e-06	7.71743e-06	8.40271e-06	9.05543e-06	9.67305e-06	1.02532e-05	1.07936e-05	1.12921e-05	1.1747e-05	1.21562e-05	1.25184e-05	1.2832e-05	1.3096e-05	1.33091e-05	1.34707e-05	1.35801e-05	1.36369e-05	1.36408e-05	1.35918e-05	1.34901e-05	1.33362e-05	1.31306e-05	1.28741e-05	1.25677e-05	1.22126e-05	1.18102e-05	1.1362e-05	1.08698e-05	1.03354e-05	9.76103e-06	9.14879e-06	8.5011e-06	7.82045e-06	
2.29526e-06	3.14709e-06	3.98672e-06	4.8109e-06	5.61643e-06	6.4002e-06	7.15916e-06	7.89038e-06	8.59102e-06	9.25836e-06	9.88983e-06	1.0483e-05	1.10355e-05	1.15452e-05	1.20102e-05	1.24287e-05	1.27989e-05	1.31196e-05	1.33895e-05	1.36074e-05	1.37726e-05	1.38844e-05	1.39425e-05	1.39464e-05	1.38964e-05	1.37925e-05	1.36351e-05	1.34249e-05	1.31626e-05	1.28494e-05	1.24863e-05	1.20749e-05	1.16167e-05	1.11134e-05	1.05671e-05	9.97978e-06	9.35382e-06	8.69161e-06	7.99571e-06	
2.33142e-06	3.19666e-06	4.04952e-06	4.88668e-06	5.70491e-06	6.50102e-06	7.27195e-06	8.01468e-06	8.72636e-06	9.40422e-06	1.00456e-05	1.06481e-05	1.12093e-05	1.17271e-05	1.21994e-05	1.26245e-05	1.30006e-05	1.33263e-05	1.36004e-05	1.38218e-05	1.39896e-05	1.41032e-05	1.41621e-05	1.41662e-05	1.41153e-05	1.40097e-05	1.38499e-05	1.36364e-05	1.337e-05	1.30518e-05	1.2683e-05	1.22651e-05	1.17997e-05	1.12885e-05	1.07335e-05	1.0137e-05	9.50117e-06	8.82853e-06	8.12167e-06	
2.3532e-06	3.22653e-06	4.08736e-06	4.93235e-06	5.75822e-06	6.56177e-06	7.33989e-06	8.08957e-06	8.8079e-06	9.49209e-06	1.01395e-05	1.07476e-05	1.13141e-05	1.18367e-05	1.23134e-05	1.27424e-05	1.3122e-05	1.34508e-05	1.37275e-05	1.39509e-05	1.41203e-05	1.42349e-05	1.42944e-05	1.42985e-05	1.42472e-05	1.41407e-05	1.39793e-05	1.37638e-05	1.34949e-05	1.31738e-05	1.28016e-05	1.23797e-05	1.19099e-05	1.13939e-05	1.08338e-05	1.02317e-05	9.58995e-06	8.91103e-06	8.19756e-06	
2.36048e-06	3.23651e-06	4.1e-06	4.9476e-06	5.77602e-06	6.58206e-06	7.36259e-06	8.11459e-06	8.83513e-06	9.52144e-06	1.01708e-05	1.07808e-05	1.1349e-05	1.18733e-05	1.23515e-05	1.27818e-05	1.31626e-05	1.34924e-05	1.37699e-05	1.39941e-05	1.4164e-05	1.4279e-05	1.43386e-05	1.43427e-05	1.42913e-05	1.41844e-05	1.40225e-05	1.38064e-05	1.35367e-05	1.32145e-05	1.28411e-05	1.2418e-05	1.19467e-05	1.14292e-05	1.08673e-05	1.02634e-05	9.61961e-06	8.93858e-06	8.22291e-06	
2.3532e-06	3.22653e-06	4.08736e-06	4.93235e-06	5.75822e-06	6.56177e-06	7.33989e-06	8.08957e-06	8.8079e-06	9.49209e-06	1.01395e-05	1.07476e-05	1.13141e-05	1.18367e-05	1.23134e-05	1.27424e-05	1.3122e-05	1.34508e-05	1.37275e-05	1.39509e-05	1.41203e-05	1.42349e-05	1.42944e-05	1.42985e-05	1.42472e-05	1.41407e-05	1.39793e-05	1.37638e-05	1.34949e-05	1.31738e-05	1.28016e-05	1.23797e-05	1.19099e-05	1.13939e-05	1.08338e-05	1.02317e-05	9.58995e-06	8.91103e-06	8.19756e-06	
2.33142e-06	3.19666e-06	4.04952e-06	4.88668e-06	5.70491e-06	6.50102e-06	7.27195e-06	8.01468e-06	8.72636e-06	9.40422e-06	1.00456e-05	1.06481e-05	1.12093e-05	1.17271e-05	1.21994e-05	1.26245e-05	1.30006e-05	1.33263e-05	1.36004e-05	1.38218e-05	1.39896e-05	1.41032e-05	1.41621e-05	1.41662e-05	1.41153e-05	1.40097e-05	1.38499e-05	1.36364e-05	1.337e-05	1.30518e-05	1.2683e-05	1.22651e-05	1.17997e-05	1.12885e-05	1.07335e-05	1.0137e-05	9.50117e-06	8.82853e-06	8.12167e-06	
2.29526e-06	3.14709e-06	3.98672e-06	4.8109e-06	5.61643e-06	6.4002e-06	7.15916e-06	7.89038e-06	8.59102e-06	9.25836e-06	9.88983e-06	1.0483e-05	1.10355e-05	1.15452e-05	1.20102e-05	1.24287e-05	1.27989e-05	1.31196e-05	1.33895e-05	1.36074e-05	1.37726e-05	1.38844e-05	1.39425e-05	1.39464e-05	1.38964e-05	1.37925e-05	1.36351e-05	1.34249e-05	1.31626e-05	1.28494e-05	1.24863e-05	1.20749e-05	1.16167e-05	1.11134e-05	1.05671e-05	9.97978e-06	9.35382e-06	8.69161e-06	7.99571e-06	
2.24495e-06	3.0781e-06	3.89933e-06	4.70545e-06	5.49332e-06	6.25991e-06	7.00224e-06	7.71743e-06	8.40271e-06	9.05543e-06	9.67305e-06	1.02532e-05	1.07936e-05	1.12921e-05	1.1747e-05	1.21562e-05	1.25184e-05	1.2832e-05	1.3096e-05	1.33091e-05	1.34707e-05	1.35801e-05	1.36369e-05	1.36408e-05	1.35918e-05	1.34901e-05	1.33362e-05	1.31306e-05	1.28741e-05	1.25677e-05	1.22126e-05	1.18102e-05	1.1362e-05	1.08698e-05	1.03354e-05	9.76103e-06	9.14879e-06	8.5011e-06	7.82045e-06	
2.1808e-06	2.99015e-06	3.78791e-06	4.57098e-06	5.33635e-06	6.08103e-06	6.80215e-06	7.4969e-06	8.1626e-06	8.79667e-06	9.39664e-06	9.96019e-06	1.04852e-05	1.09695e-05	1.14113e-05	1.18089e-05	1.21607e-05	1.24654e-05	1.27217e-05	1.29288e-05	1.30858e-05	1.3192e-05	1.32472e-05	1.3251e-05	1.32034e-05	1.31047e-05	1.29551e-05	1.27554e-05	1.25062e-05	1.22086e-05	1.18637e-05	1.14727e-05	1.10373e-05	1.05592e-05	1.00401e-05	9.4821e-06	8.88736e-06	8.25817e-06	7.59698e-06	
2.1032e-06	2.88375e-06	3.65313e-06	4.40834e-06	5.14647e-06	5.86466e-06	6.56012e-06	7.23015e-06	7.87216e-06	8.48367e-06	9.06229e-06	9.6058e-06	1.01121e-05	1.05792e-05	1.10052e-05	1.13887e-05	1.1728e-05	1.20218e-05	1.22691e-05	1.24688e-05	1.26202e-05	1.27227e-05	1.27758e-05	1.27795e-05	1.27336e-05	1.26384e-05	1.24942e-05	1.23016e-05	1.20613e-05	1.17742e-05	1.14415e-05	1.10645e-05	1.06446e-05	1.01835e-05	9.68286e-06	9.14472e-06	8.57113e-06	7.96433e-06	7.32667e-06	
2.01264e-06	2.75958e-06	3.49582e-06	4.21852e-06	4.92487e-06	5.61213e-06	6.27764e-06	6.91882e-06	7.53319e-06	8.11836e-06	8.67207e-06	9.19217e-06	9.67665e-06	1.01236e-05	1.05314e-05	1.08983e-05	1.1223e-05	1.15042e-05	1.17408e-05	1.19319e-05	1.20768e-05	1.21748e-05	1.22257e-05	1.22292e-05	1.21853e-05	1.20942e-05	1.19562e-05	1.17719e-05	1.15419e-05	1.12672e-05	1.09489e-05	1.05881e-05	1.01863e-05	9.74498e-06	9.26592e-06	8.75095e-06	8.20206e-06	7.62139e-06	7.01118e-06	
1.90967e-06	2.61839e-06	3.31697e-06	4.00269e-06	4.6729e-06	5.325e-06	5.95646e-06	6.56484e-06	7.14777e-06	7.70301e-06	8.22839e-06	8.72188e-06	9.18157e-06	9.60568e-06	9.99256e-06	1.03407e-05	1.06488e-05	1.09156e-05	1.11401e-05	1.13214e-05	1.14589e-05	1.15519e-05	1.16002e-05	1.16035e-05	1.15619e-05	1.14754e-05	1.13445e-05	1.11696e-05	1.09514e-05	1.06908e-05	1.03887e-05	1.00464e-05	9.66512e-06	9.2464e-06	8.79185e-06	8.30323e-06	7.78243e-06	7.23146e-06	6.65247e-06	
1.79492e-06	2.46106e-06	3.11766e-06	3.76218e-06	4.39212e-06	5.00504e-06	5.59856e-06	6.17038e-06	6.71829e-06	7.24016e-06	7.73397e-06	8.19781e-06	8.62988e-06	9.0285e-06	9.39214e-06	9.71937e-06	1.00089e-05	1.02597e-05	1.04707e-05	1.06412e-05	1.07704e-05	1.08578e-05	1.09032e-05	1.09063e-05	1.08672e-05	1.07859e-05	1.06628e-05	1.04984e-05	1.02934e-05	1.00484e-05	9.76448e-06	9.44272e-06	9.08437e-06	8.69082e-06	8.26358e-06	7.80432e-06	7.31481e-06	6.79695e-06	6.25275e-06	
1.66911e-06	2.28856e-06	2.89914e-06	3.49848e-06	4.08426e-06	4.65422e-06	5.20614e-06	5.73788e-06	6.24738e-06	6.73268e-06	7.19188e-06	7.6232e-06	8.02499e-06	8.39567e-06	8.73381e-06	9.03811e-06	9.30738e-06	9.54058e-06	9.7368e-06	9.89529e-06	1.00154e-05	1.00968e-05	1.01389e-05	1.01418e-05	1.01054e-05	1.00299e-05	9.91543e-06	9.76257e-06	9.57186e-06	9.34407e-06	9.08005e-06	8.78085e-06	8.44762e-06	8.08165e-06	7.68436e-06	7.25729e-06	6.80209e-06	6.32053e-06	5.81448e-06	
1.53301e-06	2.10195e-06	2.66274e-06	3.21321e-06	3.75123e-06	4.27471e-06	4.78162e-06	5.27e-06	5.73796e-06	6.18368e-06	6.60544e-06	7.00159e-06	7.37062e-06	7.71107e-06	8.02164e-06	8.30113e-06	8.54844e-06	8.76262e-06	8.94285e-06	9.08841e-06	9.19875e-06	9.27345e-06	9.3122e-06	9.31486e-06	9.28143e-06	9.21202e-06	9.10691e-06	8.96651e-06	8.79136e-06	8.58213e-06	8.33965e-06	8.06485e-06	7.75879e-06	7.42266e-06	7.05776e-06	6.66552e-06	6.24744e-06	5.80514e-06	5.34035e-06	
1.38745e-06	1.90237e-06	2.40992e-06	2.90812e-06	3.39506e-06	3.86884e-06	4.32762e-06	4.76963e-06	5.19316e-06	5.59656e-06	5.97827e-06	6.33682e-06	6.6708e-06	6.97893e-06	7.26002e-06	7.51296e-06	7.7368e-06	7.93064e-06	8.09375e-06	8.2255e-06	8.32536e-06	8.39296e-06	8.42804e-06	8.43045e-06	8.40019e-06	8.33737e-06	8.24224e-06	8.11517e-06	7.95665e-06	7.76729e-06	7.54783e-06	7.29912e-06	7.02212e-06	6.7179e-06	6.38765e-06	6.03265e-06	5.65426e-06	5.25397e-06	4.83331e-06	
1.23335e-06	1.69107e-06	2.14224e-06	2.58511e-06	3.01796e-06	3.43912e-06	3.84694e-06	4.23986e-06	4.61635e-06	4.97494e-06	5.31425e-06	5.63297e-06	5.92986e-06	6.20377e-06	6.45363e-06	6.67848e-06	6.87745e-06	7.04977e-06	7.19476e-06	7.31187e-06	7.40065e-06	7.46074e-06	7.49192e-06	7.49406e-06	7.46716e-06	7.41132e-06	7.32676e-06	7.2138e-06	7.07288e-06	6.90456e-06	6.70947e-06	6.48839e-06	6.24215e-06	5.97173e-06	5.67816e-06	5.36259e-06	5.02623e-06	4.6704e-06	4.29646e-06	
1.07164e-06	1.46935e-06	1.86136e-06	2.24616e-06	2.62226e-06	2.98819e-06	3.34255e-06	3.68395e-06	4.01107e-06	4.32264e-06	4.61747e-06	4.8944e-06	5.15236e-06	5.39035e-06	5.60745e-06	5.80282e-06	5.97571e-06	6.12543e-06	6.25141e-06	6.35317e-06	6.4303e-06	6.48251e-06	6.5096e-06	6.51147e-06	6.48809e-06	6.43957e-06	6.3661e-06	6.26795e-06	6.14551e-06	5.99926e-06	5.82975e-06	5.63765e-06	5.42371e-06	5.18874e-06	4.93366e-06	4.65947e-06	4.36721e-06	4.05803e-06	3.73312e-06	
9.03316e-07	1.23856e-06	1.569e-06	1.89336e-06	2.21039e-06	2.51885e-06	2.81754e-06	3.10532e-06	3.38106e-06	3.6437e-06	3.89222e-06	4.12565e-06	4.34309e-06	4.5437e-06	4.72671e-06	4.89139e-06	5.03712e-06	5.16332e-06	5.26952e-06	5.35529e-06	5.42031e-06	5.46432e-06	5.48716e-06	5.48873e-06	5.46903e-06	5.42813e-06	5.36619e-06	5.28346e-06	5.18026e-06	5.05697e-06	4.91409e-06	4.75216e-06	4.57182e-06	4.37376e-06	4.15875e-06	3.92762e-06	3.68126e-06	3.42065e-06	3.14677e-06	
7.29428e-07	1.00014e-06	1.26697e-06	1.52889e-06	1.78489e-06	2.03397e-06	2.27517e-06	2.50755e-06	2.73021e-06	2.94229e-06	3.14296e-06	3.33146e-06	3.50705e-06	3.66904e-06	3.81682e-06	3.9498e-06	4.06747e-06	4.16939e-06	4.25514e-06	4.3244e-06	4.3769e-06	4.41244e-06	4.43088e-06	4.43215e-06	4.41624e-06	4.38322e-06	4.3332e-06	4.2664e-06	4.18306e-06	4.08351e-06	3.96813e-06	3.83737e-06	3.69175e-06	3.53181e-06	3.35819e-06	3.17155e-06	2.97262e-06	2.76217e-06	2.54102e-06	
5.51043e-07	7.55548e-07	9.57126e-07	1.15499e-06	1.34839e-06	1.53655e-06	1.71876e-06	1.89431e-06	2.06252e-06	2.22274e-06	2.37434e-06	2.51674e-06	2.64938e-06	2.77176e-06	2.8834e-06	2.98386e-06	3.07275e-06	3.14974e-06	3.21452e-06	3.26685e-06	3.30651e-06	3.33336e-06	3.34729e-06	3.34825e-06	3.33623e-06	3.31128e-06	3.2735e-06	3.22303e-06	3.16007e-06	3.08486e-06	2.9977e-06	2.89892e-06	2.78891e-06	2.66809e-06	2.53693e-06	2.39593e-06	2.24565e-06	2.08667e-06	1.9196e-06	
3.6926e-07	5.06302e-07	6.41381e-07	7.73975e-07	9.03569e-07	1.02966e-06	1.15176e-06	1.2694e-06	1.38212e-06	1.48948e-06	1.59107e-06	1.68649e-06	1.77538e-06	1.85739e-06	1.9322e-06	1.99952e-06	2.05909e-06	2.11068e-06	2.15409e-06	2.18915e-06	2.21573e-06	2.23372e-06	2.24306e-06	2.2437e-06	2.23564e-06	2.21893e-06	2.19361e-06	2.15979e-06	2.1176e-06	2.0672e-06	2.0088e-06	1.9426e-06	1.86888e-06	1.78792e-06	1.70002e-06	1.60554e-06	1.50484e-06	1.3983e-06	1.28635e-06	
1.85201e-07	2.53934e-07	3.21682e-07	3.88184e-07	4.53181e-07	5.16423e-07	5.77662e-07	6.36663e-07	6.93197e-07	7.47044e-07	7.97996e-07	8.45855e-07	8.90436e-07	9.31566e-07	9.69086e-07	1.00285e-06	1.03273e-06	1.0586e-06	1.08038e-06	1.09796e-06	1.11129e-06	1.12031e-06	1.125e-06	1.12532e-06	1.12128e-06	1.11289e-06	1.1002e-06	1.08323e-06	1.06207e-06	1.0368e-06	1.0075e-06	9.74305e-07	9.3733e-07	8.96723e-07	8.52641e-07	8.05253e-07	7.54746e-07	7.01313e-07	6.45162e-07	

8.06466e-12	1.10489e-11	1.40048e-11	1.69038e-11	1.97176e-11	2.25384e-11	2.51674e-11	2.7697e-11	3.02478e-11	3.25642e-11	3.48308e-11	3.68345e-11	3.88169e-11	4.05933e-11	4.22418e-11	4.37694e-11	4.50058e-11	4.61853e-11	4.70735e-11	4.78764e-11	4.84661e-11	4.88569e-11	4.90701e-11	4.89777e-11	4.88782e-11	4.85088e-11	4.79261e-11	4.72227e-11	4.63274e-11	4.51834e-11	4.394e-11	4.2462e-11	4.09202e-11	3.91225e-11	3.71045e-11	3.50724e-11	3.28981e-11	3.05889e-11	2.80949e-11	
1.60867e-11	2.20588e-11	2.8006e-11	3.36939e-11	3.94209e-11	4.48424e-11	5.02496e-11	5.52802e-11	6.02469e-11	6.48583e-11	6.93348e-11	7.3527e-11	7.73781e-11	8.0945e-11	8.42206e-11	8.71552e-11	8.97842e-11	9.1994e-11	9.3884e-11	9.54756e-11	9.65557e-11	9.73515e-11	9.77778e-11	9.77991e-11	9.74651e-11	9.67404e-11	9.56391e-11	9.41682e-11	9.22569e-11	9.01537e-11	8.75318e-11	8.46825e-11	8.14921e-11	7.79181e-11	7.41522e-11	6.99814e-11	6.56044e-11	6.09361e-11	5.61045e-11	
2.40181e-11	3.29301e-11	4.16911e-11	5.03384e-11	5.87335e-11	6.70148e-11	7.48699e-11	8.25686e-11	8.98766e-11	9.69109e-11	1.03498e-10	1.09637e-10	1.15548e-10	1.20806e-10	1.25659e-10	1.30015e-10	1.33923e-10	1.37284e-10	1.40133e-10	1.42364e-10	1.44134e-10	1.45278e-10	1.45896e-10	1.45924e-10	1.45405e-10	1.44347e-10	1.42656e-10	1.40489e-10	1.37739e-10	1.34492e-10	1.3069e-10	1.26342e-10	1.21517e-10	1.16302e-10	1.10553e-10	1.04464e-10	9.78773e-11	9.0953e-11	8.36522e-11	
3.17879e-11	4.35847e-11	5.52305e-11	6.66738e-11	7.7776e-11	8.86438e-11	9.91811e-11	1.09246e-10	1.19002e-10	1.28228e-10	1.36978e-10	1.45171e-10	1.52859e-10	1.60007e-10	1.66423e-10	1.72236e-10	1.77316e-10	1.81807e-10	1.85501e-10	1.88528e-10	1.90759e-10	1.92351e-10	1.93182e-10	1.93225e-10	1.925e-10	1.91037e-10	1.88955e-10	1.86013e-10	1.82339e-10	1.77955e-10	1.72989e-10	1.67319e-10	1.60966e-10	1.54003e-10	1.46386e-10	1.38233e-10	1.29617e-10	1.20401e-10	1.1077e-10	
3.93587e-11	5.39782e-11	6.8427e-11	8.25047e-11	9.6346e-11	1.09804e-10	1.228e-10	1.35369e-10	1.47402e-10	1.58817e-10	1.69713e-10	1.79806e-10	1.8925e-10	1.98039e-10	2.06043e-10	2.13106e-10	2.19529e-10	2.25029e-10	2.2969e-10	2.33413e-10	2.36298e-10	2.38124e-10	2.39112e-10	2.39218e-10	2.38387e-10	2.36611e-10	2.33861e-10	2.3028e-10	2.25747e-10	2.20417e-10	2.14186e-10	2.07056e-10	1.99201e-10	1.90639e-10	1.81274e-10	1.71188e-10	1.60451e-10	1.49111e-10	1.37138e-10	
4.6696e-11	6.40163e-11	8.11298e-11	9.78737e-11	1.14309e-10	1.30228e-10	1.45643e-10	1.60576e-10	1.74801e-10	1.88418e-10	2.0124e-10	2.13344e-10	2.24563e-10	2.34941e-10	2.44377e-10	2.52999e-10	2.60485e-10	2.66908e-10	2.72468e-10	2.76877e-10	2.80217e-10	2.82611e-10	2.8367e-10	2.83826e-10	2.8276e-10	2.80636e-10	2.77517e-10	2.73204e-10	2.67832e-10	2.61494e-10	2.54108e-10	2.45738e-10	2.36387e-10	2.26155e-10	2.15017e-10	2.0308e-10	1.90351e-10	1.7689e-10	1.62679e-10	
5.37508e-11	7.36851e-11	9.33653e-11	1.12683e-10	1.31532e-10	1.49893e-10	1.67649e-10	1.84798e-10	2.01236e-10	2.16779e-10	2.31633e-10	2.45485e-10	2.58442e-10	2.70415e-10	2.81293e-10	2.91067e-10	2.9975e-10	3.07288e-10	3.13566e-10	3.18693e-10	3.22576e-10	3.25137e-10	3.26594e-10	3.26661e-10	3.25418e-10	3.23006e-10	3.19353e-10	3.1438e-10	3.08294e-10	3.00954e-10	2.92385e-10	2.82768e-10	2.72045e-10	2.60279e-10	2.4751e-10	2.3374e-10	2.1905e-10	2.03581e-10	1.87267e-10	
6.04645e-11	8.28946e-11	1.05004e-10	1.26732e-10	1.48001e-10	1.68598e-10	1.88596e-10	2.07891e-10	2.26315e-10	2.43908e-10	2.60595e-10	2.76202e-10	2.90754e-10	3.0413e-10	3.16415e-10	3.27439e-10	3.37234e-10	3.45636e-10	3.52781e-10	3.58519e-10	3.62853e-10	3.65819e-10	3.67322e-10	3.67397e-10	3.66189e-10	3.63379e-10	3.59222e-10	3.53687e-10	3.46809e-10	3.38524e-10	3.2896e-10	3.18138e-10	3.0607e-10	2.92818e-10	2.78391e-10	2.62922e-10	2.46455e-10	2.28962e-10	2.10665e-10	
6.68088e-11	9.1589e-11	1.16053e-10	1.40041e-10	1.63519e-10	1.86272e-10	2.08395e-10	2.29694e-10	2.50097e-10	2.69509e-10	2.87908e-10	3.05139e-10	3.21204e-10	3.36076e-10	3.49612e-10	3.61787e-10	3.72541e-10	3.81874e-10	3.89772e-10	3.96085e-10	4.0091e-10	4.0415e-10	4.0588e-10	4.0599e-10	4.04491e-10	4.01485e-10	3.96916e-10	3.90781e-10	3.83125e-10	3.74023e-10	3.63457e-10	3.51505e-10	3.38154e-10	3.23478e-10	3.07587e-10	2.90495e-10	2.72287e-10	2.53007e-10	2.32724e-10	
7.27329e-11	9.9738e-11	1.26333e-10	1.52465e-10	1.77966e-10	2.02842e-10	2.26866e-10	2.50083e-10	2.72252e-10	2.93419e-10	3.13399e-10	3.32207e-10	3.49701e-10	3.65915e-10	3.80602e-10	3.93893e-10	4.05613e-10	4.15806e-10	4.24322e-10	4.31243e-10	4.36469e-10	4.40036e-10	4.41894e-10	4.4195e-10	4.40412e-10	4.37073e-10	4.32124e-10	4.25462e-10	4.1716e-10	4.07255e-10	3.95694e-10	3.82659e-10	3.68146e-10	3.52205e-10	3.34893e-10	3.16259e-10	2.96449e-10	2.75449e-10	2.53404e-10	
7.82201e-11	1.07249e-10	1.35866e-10	1.63961e-10	1.91427e-10	2.18128e-10	2.43968e-10	2.68901e-10	2.92832e-10	3.15538e-10	3.37081e-10	3.57247e-10	3.76108e-10	3.93484e-10	4.09308e-10	4.23626e-10	4.36202e-10	4.47145e-10	4.5635e-10	4.63746e-10	4.69402e-10	4.732e-10	4.75172e-10	4.75332e-10	4.73651e-10	4.70045e-10	4.64713e-10	4.57543e-10	4.48598e-10	4.37883e-10	4.25555e-10	4.11521e-10	3.95922e-10	3.78765e-10	3.60124e-10	3.40151e-10	3.18774e-10	2.96218e-10	2.72511e-10	
8.3221e-11	1.14106e-10	1.44572e-10	1.74451e-10	2.03652e-10	2.32067e-10	2.59563e-10	2.86096e-10	3.11516e-10	3.35678e-10	3.586e-10	3.80084e-10	4.00156e-10	4.18591e-10	4.3547e-10	4.50694e-10	4.6407e-10	4.75694e-10	4.85461e-10	4.93376e-10	4.99387e-10	5.03455e-10	5.0548e-10	5.05722e-10	5.03857e-10	5.00108e-10	4.94378e-10	4.86775e-10	4.77272e-10	4.65917e-10	4.52758e-10	4.37829e-10	4.21196e-10	4.02981e-10	3.83153e-10	3.61858e-10	3.39163e-10	3.15136e-10	2.89919e-10	
8.77098e-11	1.20269e-10	1.52347e-10	1.83835e-10	2.14646e-10	2.44572e-10	2.73584e-10	3.01497e-10	3.28278e-10	3.53786e-10	3.77916e-10	4.00593e-10	4.21753e-10	4.41148e-10	4.58989e-10	4.74923e-10	4.89102e-10	5.01338e-10	5.11672e-10	5.19968e-10	5.26295e-10	5.30598e-10	5.32765e-10	5.32925e-10	5.31042e-10	5.27059e-10	5.21027e-10	5.13033e-10	5.03e-10	4.91045e-10	4.77176e-10	4.61412e-10	4.43944e-10	4.24677e-10	4.03816e-10	3.8138e-10	3.57449e-10	3.32165e-10	3.05548e-10	
9.16534e-11	1.25676e-10	1.59217e-10	1.92111e-10	2.24295e-10	2.55595e-10	2.8589e-10	3.15088e-10	3.43032e-10	3.69738e-10	3.94962e-10	4.18602e-10	4.40668e-10	4.61057e-10	4.79574e-10	4.96332e-10	5.11072e-10	5.23915e-10	5.34662e-10	5.43444e-10	5.49928e-10	5.54472e-10	5.56749e-10	5.56899e-10	5.54905e-10	5.50777e-10	5.44489e-10	5.36097e-10	5.25585e-10	5.1314e-10	4.98638e-10	4.82217e-10	4.63885e-10	4.43784e-10	4.21984e-10	3.98511e-10	3.73532e-10	3.47093e-10	3.19288e-10	
9.50404e-11	1.30312e-10	1.6508e-10	1.99194e-10	2.32589e-10	2.64981e-10	2.96431e-10	3.26732e-10	3.55753e-10	3.83334e-10	4.09493e-10	4.34088e-10	4.56943e-10	4.78067e-10	4.97348e-10	5.14603e-10	5.29958e-10	5.4326e-10	5.54454e-10	5.63404e-10	5.70274e-10	5.74897e-10	5.7732e-10	5.77487e-10	5.75394e-10	5.71127e-10	5.64579e-10	5.55882e-10	5.45054e-10	5.32086e-10	5.17026e-10	4.99981e-10	4.80995e-10	4.60243e-10	4.37531e-10	4.13241e-10	3.87335e-10	3.59925e-10	3.3107e-10	
9.78306e-11	1.3415e-10	1.69933e-10	2.05068e-10	2.39384e-10	2.72834e-10	3.05143e-10	3.36339e-10	3.66189e-10	3.94607e-10	4.21526e-10	4.4685e-10	4.70372e-10	4.9214e-10	5.11903e-10	5.29774e-10	5.4558e-10	5.59201e-10	5.70694e-10	5.8003e-10	5.87065e-10	5.91786e-10	5.94266e-10	5.94429e-10	5.9234e-10	5.879e-10	5.8116e-10	5.72232e-10	5.61055e-10	5.47686e-10	5.3225e-10	5.14714e-10	4.95149e-10	4.73705e-10	4.50434e-10	4.25388e-10	3.98707e-10	3.70461e-10	3.4081e-10	
1.00024e-10	1.37153e-10	1.73745e-10	2.09648e-10	2.44786e-10	2.78913e-10	3.12003e-10	3.43865e-10	3.74358e-10	4.0348e-10	4.31015e-10	4.56797e-10	4.80934e-10	5.0311e-10	5.23404e-10	5.41636e-10	5.57758e-10	5.71756e-10	5.83526e-10	5.9298e-10	6.00213e-10	6.05095e-10	6.07592e-10	6.07802e-10	6.05603e-10	6.01069e-10	5.94234e-10	5.85114e-10	5.7365e-10	5.59986e-10	5.44169e-10	5.26207e-10	5.06269e-10	4.84327e-10	4.60513e-10	4.34895e-10	4.07642e-10	3.78817e-10	3.48429e-10	
1.01604e-10	1.39312e-10	1.76477e-10	2.1298e-10	2.48619e-10	2.83325e-10	3.16891e-10	3.49278e-10	3.80298e-10	4.09825e-10	4.37783e-10	4.64052e-10	4.88502e-10	5.11083e-10	5.31653e-10	5.50155e-10	5.66583e-10	5.80734e-10	5.9271e-10	6.02352e-10	6.09635e-10	6.14602e-10	6.17181e-10	6.17348e-10	6.15191e-10	6.10537e-10	6.0356e-10	5.94273e-10	5.82666e-10	5.68782e-10	5.52749e-10	5.34509e-10	5.1423e-10	4.9193e-10	4.67804e-10	4.41776e-10	4.14083e-10	3.84736e-10	3.5395e-10	
1.02543e-10	1.40622e-10	1.78121e-10	2.14937e-10	2.50949e-10	2.85947e-10	3.19869e-10	3.52541e-10	3.83812e-10	4.13641e-10	4.41883e-10	4.68411e-10	4.9307e-10	5.1584e-10	5.36609e-10	5.55318e-10	5.71827e-10	5.86187e-10	5.98252e-10	6.07983e-10	6.15341e-10	6.20361e-10	6.22986e-10	6.23157e-10	6.20865e-10	6.16254e-10	6.09223e-10	5.99851e-10	5.88141e-10	5.7414e-10	5.5789e-10	5.39508e-10	5.19051e-10	4.96524e-10	4.72184e-10	4.45915e-10	4.17941e-10	3.8834e-10	3.57245e-10	
1.02867e-10	1.41049e-10	1.78688e-10	2.15606e-10	2.51728e-10	2.86841e-10	3.20888e-10	3.53623e-10	3.85022e-10	4.14952e-10	4.43228e-10	4.69814e-10	4.94605e-10	5.17474e-10	5.38268e-10	5.57048e-10	5.73632e-10	5.87967e-10	6.00092e-10	6.09855e-10	6.17234e-10	6.22283e-10	6.24873e-10	6.25036e-10	6.22865e-10	6.18147e-10	6.1112e-10	6.01666e-10	5.89946e-10	5.75895e-10	5.59634e-10	5.41174e-10	5.20686e-10	4.98083e-10	4.73587e-10	4.47283e-10	4.19208e-10	3.89567e-10	3.58353e-10	
1.02553e-10	1.40611e-10	1.78133e-10	2.14954e-10	2.50946e-10	2.85967e-10	3.19865e-10	3.52559e-10	3.83844e-10	4.13639e-10	4.41897e-10	4.68361e-10	4.93042e-10	5.15815e-10	5.36588e-10	5.55318e-10	5.71852e-10	5.8623e-10	5.98241e-10	6.08026e-10	6.15344e-10	6.20375e-10	6.22983e-10	6.23139e-10	6.20876e-10	6.163e-10	6.09216e-10	5.99872e-10	5.88066e-10	5.74129e-10	5.57876e-10	5.39529e-10	5.19034e-10	4.96552e-10	4.72166e-10	4.45887e-10	4.17938e-10	3.88344e-10	3.57266e-10	
1.01598e-10	1.39313e-10	1.76485e-10	2.12952e-10	2.48621e-10	2.83302e-10	3.16911e-10	3.49273e-10	3.80298e-10	4.09829e-10	4.37792e-10	4.64048e-10	4.88491e-10	5.11108e-10	5.31656e-10	5.50177e-10	5.66587e-10	5.80727e-10	5.92689e-10	6.02313e-10	6.09663e-10	6.14627e-10	6.1716e-10	6.17398e-10	6.15138e-10	6.10562e-10	6.03613e-10	5.94248e-10	5.82684e-10	5.68829e-10	5.52696e-10	5.34516e-10	5.14238e-10	4.91951e-10	4.67772e-10	4.41782e-10	4.14069e-10	3.84739e-10	3.53925e-10	
1.0003e-10	1.37149e-10	1.73746e-10	2.09656e-10	2.4477e-10	2.78913e-10	3.11978e-10	3.43862e-10	3.74381e-10	4.03467e-10	4.3098e-10	4.56836e-10	4.80938e-10	5.03128e-10	5.23404e-10	5.41682e-10	5.5779e-10	5.71767e-10	5.83508e-10	5.93033e-10	6.00227e-10	6.05112e-10	6.07617e-10	6.07816e-10	6.05613e-10	6.01073e-10	5.94234e-10	5.85075e-10	5.73618e-10	5.60004e-10	5.44183e-10	5.26256e-10	5.06265e-10	4.84327e-10	4.60506e-10	4.34909e-10	4.07656e-10	3.7879e-10	3.48447e-10	
9.7832e-11	1.34141e-10	1.69933e-10	2.05052e-10	2.39417e-10	2.72793e-10	3.05185e-10	3.36323e-10	3.66187e-10	3.94611e-10	4.21533e-10	4.4685e-10	4.70394e-10	4.92115e-10	5.11964e-10	5.29727e-10	5.45548e-10	5.59218e-10	5.70733e-10	5.80034e-10	5.87061e-10	5.91836e-10	5.94309e-10	5.94515e-10	5.92308e-10	5.87921e-10	5.81192e-10	5.72246e-10	5.61069e-10	5.47701e-10	5.32236e-10	5.1466e-10	4.95184e-10	4.7374e-10	4.50409e-10	4.2539e-10	3.98742e-10	3.70477e-10	3.40821e-10	
9.50391e-11	1.30324e-10	1.65082e-10	1.99213e-10	2.32561e-10	2.65009e-10	2.96408e-10	3.26738e-10	3.55705e-10	3.83345e-10	4.09502e-10	4.34039e-10	4.56925e-10	4.78057e-10	4.97284e-10	5.1466e-10	5.29933e-10	5.43235e-10	5.54419e-10	5.6346e-10	5.70271e-10	5.74957e-10	5.77334e-10	5.77472e-10	5.75426e-10	5.71109e-10	5.64608e-10	5.55868e-10	5.45032e-10	5.32069e-10	5.17048e-10	5.00012e-10	4.81027e-10	4.60151e-10	4.37538e-10	4.13257e-10	3.87303e-10	3.59892e-10	3.31088e-10	
9.16565e-11	1.25668e-10	1.5921e-10	1.92128e-10	2.24292e-10	2.55564e-10	2.85885e-10	3.1508e-10	3.43054e-10	3.69731e-10	3.9493e-10	4.18623e-10	4.40682e-10	4.61075e-10	4.79616e-10	4.9635e-10	5.1114e-10	5.23961e-10	5.34701e-10	5.4343e-10	5.50017e-10	5.54465e-10	5.56767e-10	5.56945e-10	5.54945e-10	5.50788e-10	5.44507e-10	5.36126e-10	5.25631e-10	5.13129e-10	4.98616e-10	4.82189e-10	4.63913e-10	4.43801e-10	4.21981e-10	3.98551e-10	3.73548e-10	3.47097e-10	3.19282e-10	
8.77103e-11	1.20262e-10	1.52351e-10	1.83828e-10	2.14646e-10	2.44592e-10	2.73578e-10	3.01553e-10	3.28297e-10	3.53772e-10	3.77959e-10	4.00604e-10	4.21728e-10	4.41133e-10	4.58982e-10	4.74952e-10	4.89109e-10	5.01384e-10	5.11669e-10	5.2e-10	5.26324e-10	5.30598e-10	5.32815e-10	5.32975e-10	5.31031e-10	5.27098e-10	5.21055e-10	5.1303e-10	5.03011e-10	4.91035e-10	4.77133e-10	4.61451e-10	4.43912e-10	4.24684e-10	4.03823e-10	3.81366e-10	3.57451e-10	3.32149e-10	3.05551e-10	
8.3225e-11	1.14115e-10	1.44566e-10	1.74431e-10	2.03647e-10	2.32056e-10	2.59575e-10	2.86068e-10	3.11479e-10	3.35689e-10	3.58568e-10	3.80112e-10	4.00131e-10	4.18645e-10	4.35449e-10	4.50669e-10	4.64052e-10	4.75723e-10	4.85489e-10	4.93394e-10	4.99398e-10	5.03405e-10	5.05523e-10	5.05679e-10	5.03871e-10	5.00108e-10	4.94406e-10	4.86779e-10	4.77268e-10	4.6591e-10	4.52783e-10	4.37801e-10	4.21245e-10	4.02967e-10	3.83164e-10	3.61879e-10	3.39185e-10	3.15199e-10	2.89914e-10	
7.82201e-11	1.07262e-10	1.35859e-10	1.63947e-10	1.91406e-10	2.18119e-10	2.43983e-10	2.6891e-10	2.92777e-10	3.15524e-10	3.37039e-10	3.57257e-10	3.76101e-10	3.9347e-10	4.09329e-10	4.23594e-10	4.36192e-10	4.47141e-10	4.56346e-10	4.63736e-10	4.69388e-10	4.73207e-10	4.75207e-10	4.75314e-10	4.73612e-10	4.70045e-10	4.64723e-10	4.57526e-10	4.48598e-10	4.37932e-10	4.2553e-10	4.11532e-10	3.95925e-10	3.78787e-10	3.60135e-10	3.40112e-10	3.18765e-10	2.96193e-10	2.72491e-10	
7.27343e-11	9.97371e-11	1.26355e-10	1.52468e-10	1.78007e-10	2.02807e-10	2.26853e-10	2.50058e-10	2.72244e-10	2.93387e-10	3.13431e-10	3.32193e-10	3.49754e-10	3.65869e-10	3.80599e-10	3.93879e-10	4.05635e-10	4.15774e-10	4.2434e-10	4.31253e-10	4.36476e-10	4.4005e-10	4.41865e-10	4.41968e-10	4.40394e-10	4.37119e-10	4.32134e-10	4.25455e-10	4.17174e-10	4.07177e-10	3.95737e-10	3.82666e-10	3.68146e-10	3.52198e-10	3.34879e-10	3.16277e-10	2.96438e-10	2.75438e-10	2.5339e-10	
6.68119e-11	9.16094e-11	1.16055e-10	1.40009e-10	1.63501e-10	1.86292e-10	2.08383e-10	2.29681e-10	2.50008e-10	2.69495e-10	2.87859e-10	3.05143e-10	3.21247e-10	3.36041e-10	3.49591e-10	3.61748e-10	3.72559e-10	3.81892e-10	3.89704e-10	3.96099e-10	4.00856e-10	4.04164e-10	4.05834e-10	4.05933e-10	4.04476e-10	4.01492e-10	3.9687e-10	3.90763e-10	3.83132e-10	3.7404e-10	3.63439e-10	3.51474e-10	3.38158e-10	3.23475e-10	3.07558e-10	2.90502e-10	2.72237e-10	2.53008e-10	2.32738e-10	
6.0473e-11	8.2907e-11	1.05024e-10	1.26722e-10	1.47953e-10	1.68594e-10	1.8859e-10	2.07841e-10	2.26301e-10	2.43872e-10	2.60524e-10	2.76131e-10	2.90708e-10	3.04137e-10	3.16401e-10	3.27407e-10	3.37149e-10	3.45576e-10	3.5276e-10	3.5844e-10	3.62849e-10	3.65727e-10	3.67262e-10	3.67404e-10	3.66089e-10	3.63318e-10	3.59201e-10	3.53655e-10	3.46741e-10	3.3846e-10	3.289e-10	3.18103e-10	3.05999e-10	2.92758e-10	2.78373e-10	2.62879e-10	2.46398e-10	2.2893e-10	2.10647e-10	
5.37526e-11	7.3701e-11	9.33493e-11	1.12664e-10	1.31523e-10	1.49852e-10	1.67649e-10	1.84748e-10	2.0118e-10	2.16776e-10	2.31569e-10	2.45446e-10	2.58431e-10	2.70319e-10	2.81197e-10	2.91013e-10	2.99696e-10	3.0721e-10	3.13499e-10	3.18629e-10	3.2248e-10	3.25137e-10	3.26509e-10	3.26523e-10	3.25411e-10	3.22938e-10	3.19297e-10	3.14319e-10	3.08251e-10	3.00894e-10	2.92374e-10	2.82704e-10	2.72028e-10	2.60187e-10	2.47429e-10	2.33698e-10	2.19028e-10	2.03531e-10	1.87208e-10	
4.6704e-11	6.40359e-11	8.11156e-11	9.78737e-11	1.14284e-10	1.30221e-10	1.45668e-10	1.60558e-10	1.74747e-10	1.88425e-10	2.01208e-10	2.1333e-10	2.24528e-10	2.34923e-10	2.44391e-10	2.52925e-10	2.60457e-10	2.66915e-10	2.72468e-10	2.76888e-10	2.80206e-10	2.8254e-10	2.83659e-10	2.83794e-10	2.82753e-10	2.80671e-10	2.77414e-10	2.73172e-10	2.67828e-10	2.61437e-10	2.54094e-10	2.4572e-10	2.36351e-10	2.26137e-10	2.15021e-10	2.0307e-10	1.90308e-10	1.7684e-10	1.62682e-10	
3.93729e-11	5.40048e-11	6.83826e-11	8.24958e-11	9.63425e-11	1.09775e-10	1.228e-10	1.35316e-10	1.47363e-10	1.58749e-10	1.69614e-10	1.79764e-10	1.8925e-10	1.97993e-10	2.05972e-10	2.13166e-10	2.19547e-10	2.25008e-10	2.2964e-10	2.33356e-10	2.3622e-10	2.3811e-10	2.3914e-10	2.3925e-10	2.38344e-10	2.36554e-10	2.33857e-10	2.30223e-10	2.25729e-10	2.20382e-10	2.14172e-10	2.07066e-10	1.99282e-10	1.90585e-10	1.81231e-10	1.71166e-10	1.60465e-10	1.49033e-10	1.3716e-10	
3.17835e-11	4.35723e-11	5.52465e-11	6.66152e-11	7.77725e-11	8.86331e-11	9.91527e-11	1.09299e-10	1.18987e-10	1.28228e-10	1.36971e-10	1.45214e-10	1.52827e-10	1.59879e-10	1.66381e-10	1.7215e-10	1.77245e-10	1.81721e-10	1.85445e-10	1.88496e-10	1.90763e-10	1.92315e-10	1.93097e-10	1.93172e-10	1.92443e-10	1.91012e-10	1.88901e-10	1.85953e-10	1.82332e-10	1.77941e-10	1.72896e-10	1.67233e-10	1.6086e-10	1.53932e-10	1.4635e-10	1.38211e-10	1.29564e-10	1.20412e-10	1.1071e-10	
2.40146e-11	3.29692e-11	4.17089e-11	5.03242e-11	5.87583e-11	6.70184e-11	7.48699e-11	8.25864e-11	8.9873e-11	9.69322e-11	1.03448e-10	1.09701e-10	1.15495e-10	1.20828e-10	1.25635e-10	1.30029e-10	1.33909e-10	1.37284e-10	1.4013e-10	1.42368e-10	1.4413e-10	1.45278e-10	1.4591e-10	1.45917e-10	1.45437e-10	1.44318e-10	1.42631e-10	1.40471e-10	1.377e-10	1.34456e-10	1.30676e-10	1.26331e-10	1.21535e-10	1.16295e-10	1.10539e-10	1.04432e-10	9.78915e-11	9.09459e-11	8.36415e-11	
1.60902e-11	2.20766e-11	2.79456e-11	3.37934e-11	3.93676e-11	4.4853e-11	5.02069e-11	5.53264e-11	6.01936e-11	6.48903e-11	6.93738e-11	7.34524e-11	7.73568e-11	8.09344e-11	8.421e-11	8.71907e-11	8.97558e-11	9.20117e-11	9.38449e-11	9.53939e-11	9.65663e-11	9.73515e-11	9.77138e-11	9.7824e-11	9.74403e-11	9.67155e-11	9.55893e-11	9.41327e-11	9.23208e-11	9.00862e-11	8.75247e-11	8.46327e-11	8.14637e-11	7.79181e-11	7.41025e-11	6.99494e-11	6.55795e-11	6.09255e-11	5.61009e-11	
8.05755e-12	1.11093e-11	1.40048e-11	1.695e-11	1.9778e-11	2.24922e-11	2.51816e-11	2.77254e-11	3.0262e-11	3.25677e-11	3.47313e-11	3.68878e-11	3.87956e-11	4.06324e-11	4.22915e-11	4.36877e-11	4.50235e-11	4.61213e-11	4.71339e-11	4.78444e-11	4.84803e-11	4.88534e-11	4.90772e-11	4.90594e-11	4.8896e-11	4.85016e-11	4.7983e-11	4.72191e-11	4.63167e-11	4.51763e-11	4.39506e-11	4.24869e-11	4.0874e-11	3.90443e-11	3.71756e-11	3.51008e-11	3.28875e-11	3.05747e-11	2.81339e-11	

