40	16.9229	12.5173	9.78887	7.93698	6.59528	5.57638	4.77544	4.12952	3.59874	3.1567	2.78534	2.47192	2.20727	1.98467	1.79913	1.64689	1.52516	1.43185	1.36542	1.32485	1.30951	1.31917	1.354	1.41459	1.50201	1.61793	1.76475	1.94585	2.16593	2.43157	2.75204	3.14064	3.61693	4.21062	4.96871	5.96966	7.35385	9.39585	12.6961	30	
40	27.0767	20.0276	15.6622	12.6992	10.5525	8.92221	7.6407	6.60723	5.75798	5.05072	4.45654	3.95507	3.53163	3.17547	2.8786	2.63503	2.44026	2.29095	2.18467	2.11976	2.09521	2.11067	2.1664	2.26334	2.40322	2.58869	2.8236	3.11336	3.46549	3.89051	4.40326	5.02502	5.78709	6.737	7.94994	9.55146	11.7662	15.0334	20.3137	30	
40	31.358	24.8583	20.1388	16.6526	14.0024	11.9302	10.2704	8.91459	7.79041	6.84804	6.05245	5.3785	4.8078	4.32671	3.92501	3.59497	3.33077	3.12803	2.98358	2.89522	2.86163	2.88231	2.95759	3.08867	3.27774	3.52822	3.84502	4.23502	4.7077	5.27621	5.9588	6.78117	7.78017	9.00971	10.5505	12.5265	15.1308	18.661	23.527	30	
40	33.4999	27.9138	23.39	19.7802	16.887	14.5409	12.613	11.0094	9.66184	8.52098	7.55057	6.72377	6.02051	5.4256	4.92747	4.51731	4.18838	3.93557	3.75517	3.64456	3.60215	3.62732	3.72039	3.8827	4.11674	4.42637	4.8171	5.29662	5.8754	6.56767	7.39279	8.37725	9.55748	10.984	12.7268	14.882	17.5762	20.9572	25.1356	30	
40	34.7309	29.9138	25.7371	22.2044	19.2405	16.7521	14.653	12.8721	11.3529	10.0518	8.93523	7.97725	7.15794	6.46186	5.87703	5.39414	5.00599	4.7071	4.49337	4.36193	4.311	4.3398	4.44862	4.6388	4.91291	5.27494	5.73056	6.28759	6.95653	7.75135	8.69054	9.79848	11.1072	12.6582	14.5043	16.7095	19.3433	22.4616	26.0611	30	
40	35.5141	31.2813	27.4519	24.0754	21.1379	18.5967	16.4009	14.502	12.8576	11.4323	10.1976	9.13027	8.21197	7.42804	6.76686	6.21921	5.77788	5.43725	5.19312	5.04245	4.98332	5.01486	5.13722	5.35165	5.6606	6.06788	6.57894	7.20113	7.94422	8.82086	9.84732	11.0442	12.437	14.0568	15.9393	18.1219	20.636	23.4914	26.6506	30	
40	36.0491	32.2545	28.7279	25.5258	22.6616	20.1223	17.8821	15.9111	14.1799	12.6621	11.3348	10.1788	9.178	8.3194	7.59229	6.98804	6.49974	6.12192	5.85044	5.68223	5.61531	5.64869	5.78235	6.01736	6.35586	6.80128	7.35847	8.03393	8.83612	9.77574	10.8661	12.1232	13.566	15.2156	17.0935	19.2184	21.5993	24.2254	27.0538	30	
40	36.4329	32.9704	29.695	26.6589	23.8859	21.3789	19.1286	17.1187	15.3308	13.7466	12.3488	11.1225	10.0545	9.13371	8.35072	7.69781	7.16868	6.75822	6.46247	6.27846	6.20419	6.23856	6.38137	6.63339	6.99638	7.47316	8.06778	8.78561	9.63349	10.6199	11.7548	13.0499	14.518	16.1718	18.0225	20.0765	22.3306	24.7662	27.3436	30	
40	36.7182	33.5108	30.4405	27.5522	24.8725	22.4125	20.1728	18.147	16.3248	14.6948	13.245	11.9644	10.8427	9.8709	9.0413	8.34724	7.78313	7.34441	7.02741	6.82933	6.74819	6.78279	6.93275	7.19848	7.58125	8.08321	8.70745	9.45808	10.3402	11.36	12.5244	13.841	15.3173	16.96	18.7727	20.7543	22.8953	25.1752	27.5593	30	
40	36.9357	33.9271	31.0233	28.2624	25.6705	23.2627	21.0453	19.0184	17.1781	15.518	14.0309	12.7092	11.5453	10.5326	9.66473	8.93634	8.34269	7.87982	7.54443	7.33394	7.24644	7.28065	7.43596	7.71244	8.11081	8.63248	9.27958	10.0549	10.9618	12.0044	13.1867	14.513	15.9868	17.6097	19.3808	21.2942	23.3377	25.4908	27.7241	30	
40	37.1046	34.2528	31.4841	28.8311	26.3183	23.9624	21.7729	19.7542	17.9067	16.2283	14.7153	13.3631	12.1669	11.1216	10.2228	9.46622	8.84794	8.36467	8.01355	7.79223	7.69889	7.7322	7.89133	8.17597	8.58632	9.12305	9.7873	10.5806	11.5048	12.562	13.7539	15.082	16.5464	18.1458	19.8755	21.7274	23.6881	25.7382	27.8523	30	
40	37.2375	34.5104	31.8515	29.2891	26.8458	24.5385	22.3786	20.3733	18.526	16.8376	15.3074	13.9332	12.7124	11.6419	10.7184	9.93881	9.30024	8.79994	8.43549	8.20482	8.10618	8.13821	8.29987	8.59051	9.00979	9.55768	10.2344	11.0404	11.9761	13.0418	14.2374	15.562	17.0136	18.5882	20.2793	22.0772	23.9682	25.9343	27.9534	30	
40	37.343	34.7158	32.1463	29.6595	27.2761	25.0128	22.882	20.8924	19.0498	17.3572	15.8162	14.4266	13.1876	12.0975	11.1546	10.3566	9.70153	9.18716	8.81155	8.57286	8.46948	8.49997	8.66313	8.95798	9.3837	9.93961	10.6251	11.4396	12.3824	13.4522	14.6475	15.9657	17.4028	18.9533	20.6094	22.3606	24.1934	26.091	28.0339	30	
40	37.4274	34.8804	32.3837	29.9595	27.6271	25.4027	23.299	21.3259	19.4905	17.7976	16.2503	14.8502	13.598	12.4932	11.5351	10.7226	10.0542	9.52831	9.14342	8.89794	8.79033	8.81915	8.98302	9.28067	9.71084	10.2723	10.9637	11.7836	12.7302	13.8011	14.9936	16.3036	17.7261	19.2542	20.8794	22.5908	24.3752	26.2169	28.0983	30	
40	37.4949	35.0126	32.575	30.2025	27.913	25.7222	23.643	21.6859	19.8589	18.1681	16.6178	15.2109	13.9491	12.8334	11.8637	11.0397	10.3607	9.82558	9.43309	9.1819	9.07058	9.09768	9.26168	9.56104	9.99413	10.5592	11.2543	12.0773	13.0254	14.0956	15.2838	16.5851	17.9935	19.5015	21.0998	22.7776	24.5219	26.3182	28.15	30	
40	37.5489	35.1185	32.7288	30.3986	28.1448	25.9826	23.925	21.9826	20.1642	18.4768	16.9256	15.5146	14.2463	13.1225	12.144	11.3112	10.6239	10.0813	9.68265	9.42672	9.31221	9.33762	9.50135	9.80161	10.2365	10.8037	11.501	12.3254	13.2736	14.3417	15.5249	16.8177	18.2132	19.7035	21.2789	22.9287	24.6402	26.3995	28.1915	30	
40	37.5919	35.2029	32.8516	30.5556	28.3312	26.193	24.1537	22.2244	20.4144	18.731	17.1803	15.7668	14.4941	13.3645	12.3796	11.5401	10.8463	10.2979	9.89425	9.63446	9.51722	9.54106	9.70425	10.0048	10.4406	11.0091	11.7073	12.532	13.4794	14.5448	15.723	17.0078	18.3919	19.867	21.4233	23.05	24.7348	26.4644	28.2245	30	
40	37.6256	35.2692	32.9484	30.6797	28.479	26.3603	24.3364	22.4184	20.6158	18.9365	17.387	15.9725	14.697	13.5633	12.5736	11.7291	11.0304	10.4775	10.07	9.80708	9.68758	9.71	9.87253	10.1731	10.6092	11.1781	11.8766	12.701	13.6469	14.7095	15.8829	17.1606	18.535	19.9973	21.538	23.146	24.8095	26.5156	28.2505	30	
40	37.6516	35.3203	33.0229	30.7756	28.5934	26.4902	24.4788	22.5701	20.7739	19.0984	17.5505	16.1357	14.8584	13.7221	12.729	11.8809	11.1785	10.6222	10.2118	9.94645	9.82513	9.84631	10.0082	10.3084	10.7445	11.3135	12.0118	12.8354	13.7798	14.8396	16.0088	17.2804	18.6467	20.0988	21.627	23.2203	24.8672	26.555	28.2705	30	
40	37.6707	35.358	33.0781	30.8467	28.6784	26.5871	24.5852	22.6839	20.8929	19.2207	17.6743	16.2597	14.9816	13.8435	12.8482	11.9976	11.2927	10.734	10.3214	10.0542	9.93149	9.95166	10.1128	10.4127	10.8486	11.4173	12.1151	12.9379	13.8807	14.9381	16.1037	17.3705	18.7304	20.1746	21.6933	23.2756	24.91	26.5842	28.2853	30	
40	37.6839	35.3839	33.116	30.8956	28.7371	26.6541	24.6591	22.7631	20.976	19.3064	17.7615	16.3473	15.0689	13.9299	12.9333	12.0811	11.3745	10.8143	10.4002	10.1318	10.0081	10.0275	10.1881	10.4876	10.9231	11.4914	12.1886	13.0105	13.952	15.0074	16.1703	17.4334	18.7887	20.2272	21.7391	23.3137	24.9395	26.6043	28.2955	30	
40	37.6915	35.3989	33.1381	30.9241	28.7714	26.6935	24.7027	22.8101	21.0256	19.3578	17.8141	16.4005	15.1222	13.9829	12.9858	12.1328	11.4255	10.8643	10.4495	10.1804	10.056	10.0749	10.235	10.5341	10.9693	11.5371	12.2338	13.0549	13.9952	15.0492	16.2102	17.4709	18.8233	20.2583	21.7661	23.336	24.9567	26.616	28.3014	30	
40	37.6938	35.4036	33.145	30.9332	28.7826	26.7065	24.7174	22.8263	21.0431	19.3764	17.8335	16.4206	15.1427	14.0037	13.0067	12.1538	11.4464	10.8851	10.4701	10.2007	10.0761	10.0947	10.2546	10.5533	10.988	11.5554	12.2515	13.0719	14.0116	15.0646	16.2246	17.4842	18.8352	20.2688	21.775	23.3433	24.9622	26.6197	28.3033	30	
40	37.691	35.3981	33.1371	30.9232	28.7709	26.6936	24.7038	22.8123	21.0291	19.3627	17.8204	16.4082	15.1311	13.993	12.9968	12.1447	11.4379	10.8772	10.4625	10.1935	10.0689	10.0875	10.2471	10.5456	10.9799	11.5468	12.2424	13.0623	14.0015	15.0542	16.214	17.4736	18.8249	20.259	21.7662	23.3357	24.9562	26.6156	28.3012	30	
40	37.6829	35.3822	33.1139	30.8937	28.736	26.6544	24.6613	22.7678	20.9834	19.3166	17.7746	16.3633	15.0874	13.9507	12.9561	12.1055	11.4002	10.8407	10.4271	10.1588	10.0347	10.0534	10.213	10.5112	10.945	11.5114	12.2065	13.0259	13.9649	15.0177	16.1781	17.4388	18.792	20.2288	21.7394	23.3131	24.9385	26.6034	28.295	30	
40	37.6691	35.3552	33.0747	30.8436	28.6767	26.5877	24.5889	22.6915	20.9048	19.2372	17.6954	16.2852	15.0111	13.8766	12.8844	12.0361	11.3331	10.7756	10.3636	10.0966	9.97332	9.99245	10.1521	10.4499	10.8832	11.4489	12.1433	12.9623	13.9012	14.9545	16.1162	17.3792	18.7357	20.1771	21.6936	23.2745	24.9084	26.5827	28.2844	30	
40	37.6492	35.316	33.0178	30.7709	28.5907	26.4911	24.4843	22.5813	20.7914	19.1225	17.5811	16.1726	14.901	13.7696	12.7808	11.9359	11.2361	10.6814	10.2718	10.0065	9.88447	9.9042	10.0639	10.3613	10.7938	11.3586	12.0522	12.8706	13.8093	14.8634	16.0268	17.293	18.6543	20.1023	21.6273	23.2186	24.8647	26.5526	28.2691	30	
40	37.6221	35.2629	32.9408	30.673	28.4751	26.3614	24.3442	22.4342	20.6404	18.9702	17.4297	16.0235	14.7555	13.6284	12.6442	11.8039	11.1084	10.5575	10.151	9.88808	9.76759	9.78807	9.94775	10.2445	10.676	11.2395	11.9317	12.7491	13.6875	14.7422	15.9078	17.1779	18.5454	20.0019	21.5381	23.1432	24.8056	26.512	28.2484	30	
40	37.5866	35.1936	32.8405	30.5456	28.3254	26.1942	24.1643	22.2461	20.448	18.7769	17.238	15.8355	14.5725	13.4512	12.4731	11.6389	10.9489	10.4029	10.0004	9.74044	9.62187	9.64324	9.80283	10.0987	10.5286	11.0901	11.7803	12.5961	13.5336	14.5887	15.7564	17.0309	18.4056	19.8726	21.4227	23.0454	24.7286	26.4589	28.2212	30	
40	37.5411	35.1047	32.7124	30.3837	28.1359	25.9836	23.939	22.0117	20.2095	18.5382	17.0024	15.6054	14.3493	13.2358	12.2656	11.4392	10.7563	10.2164	9.81892	9.56266	9.44641	9.46874	9.62803	9.9225	10.3502	10.9088	11.5961	12.4091	13.3448	14.3995	15.5689	16.8481	18.2308	19.71	21.2769	22.9211	24.6305	26.3909	28.1864	30	
40	37.483	34.9917	32.5502	30.1799	27.899	25.7222	23.6611	21.7245	19.919	18.2493	16.7188	15.3295	14.0829	12.9796	12.0198	11.2032	10.5292	9.99696	9.60554	9.35372	9.24018	9.2635	9.42218	9.7146	10.1391	10.6937	11.3766	12.1855	13.1179	14.1709	15.3411	16.6244	18.0157	19.5085	21.095	22.765	24.5065	26.3046	28.1422	30	
40	37.4091	34.8485	32.3458	29.9249	27.6049	25.4004	23.3218	21.3766	19.5698	17.9043	16.3821	15.0039	13.77	12.68	11.7333	10.929	10.266	9.74317	9.35913	9.11258	9.00214	9.02643	9.18404	9.47357	9.89361	10.4427	11.1194	11.9222	12.8492	13.8986	15.0679	16.3541	17.7535	19.261	20.8695	22.5701	24.3505	26.1954	28.0859	30	
40	37.3145	34.6661	32.0877	29.606	27.241	25.0062	22.9104	20.9587	19.1538	17.4966	15.987	14.6242	13.4071	12.3342	11.4041	10.615	9.96547	9.45385	9.07862	8.83825	8.73132	8.75647	8.91242	9.19799	9.61208	10.1537	10.8219	11.6159	12.5347	13.5775	14.7431	16.0302	17.4364	18.9584	20.5911	22.3267	24.1539	26.0567	28.014	30	
40	37.1921	34.4318	31.7599	29.2063	26.7907	24.5248	22.4139	20.4599	18.6623	17.019	15.5278	14.1859	12.9907	11.9395	11.0298	10.2594	9.6261	9.12793	8.76308	8.52989	8.42688	8.45272	8.60627	8.88656	9.29284	9.82456	10.4814	11.2632	12.1701	13.2024	14.3604	15.6445	17.0545	18.5897	20.2474	22.0223	23.9047	25.8788	27.921	30	
40	37.0307	34.1268	31.3398	28.7027	26.2332	23.9381	21.8175	19.8683	18.0856	16.4642	14.9988	13.6846	12.5174	11.4932	10.6087	9.86081	9.24687	8.76457	8.41184	8.18689	8.0882	8.11448	8.26474	8.53822	8.9345	9.45346	10.0954	10.8609	11.7511	12.7676	13.9124	15.1879	16.5968	18.1412	19.8226	21.6396	23.586	25.6477	27.7989	30	
40	36.8123	33.7218	30.7947	28.0644	25.5418	23.2244	21.1041	19.1707	17.414	15.8247	14.3945	13.1164	11.9844	10.9935	10.1393	9.4182	8.82708	8.36327	8.02452	7.80894	7.71496	7.74138	7.88731	8.15221	8.53596	9.03888	9.66176	10.406	11.2737	12.2677	13.3919	14.6508	16.0503	17.5968	19.2968	21.1554	23.1732	25.3414	27.6338	30	
40	36.5049	33.1692	30.0763	27.2498	24.6834	22.3588	20.2553	18.354	16.6381	15.094	13.7103	12.478	11.3895	10.4388	9.6207	8.93109	8.36648	7.92398	7.60118	7.39612	7.30726	7.33343	7.47387	7.72823	8.09666	8.57981	9.17898	9.89622	10.7345	11.6978	12.7917	14.0233	15.4016	16.9378	18.6453	20.5385	22.6301	24.9242	27.4019	30	
40	36.0455	32.389	29.1137	26.2046	23.6194	21.3146	19.2533	17.4061	15.7498	14.2668	12.943	11.7675	10.7317	9.82866	9.05282	8.39965	7.86544	7.44716	7.14234	6.949	6.86562	6.89111	7.02481	7.26654	7.61662	8.07599	8.6463	9.33009	10.131	11.054	12.1061	13.2963	14.637	16.1442	17.839	19.7483	21.9036	24.3361	27.0559	30	
40	35.295	31.2418	27.8057	24.8631	22.309	20.067	18.0829	16.318	14.7441	13.3403	12.0911	10.9845	10.0111	9.16367	8.43648	7.82483	7.32498	6.93387	6.64907	6.46863	6.39109	6.41544	6.54111	6.768	7.0966	7.52797	8.06398	8.70744	9.46237	10.3344	11.3311	12.4633	13.7453	15.1973	16.8474	18.7355	20.9179	23.4726	26.4915	30	
40	33.8993	29.4906	26.0238	23.1586	20.7179	18.5986	16.7358	15.0862	13.6199	12.3151	11.156	10.1305	9.22947	8.44568	7.7735	7.20843	6.74683	6.3858	6.123	5.95661	5.88525	5.90799	6.02432	6.23422	6.53818	6.93733	7.43353	8.02962	8.72963	9.53922	10.4662	11.5215	12.7203	14.0843	15.6449	17.4501	19.5763	22.1559	25.4431	30	
40	30.8175	26.8097	23.658	21.0533	18.8345	16.9078	15.2143	13.7148	12.3817	11.1956	10.1418	9.20958	8.39043	7.67789	7.06682	6.55312	6.13348	5.80527	5.56636	5.4151	5.35023	5.3709	5.47665	5.66747	5.9438	6.30666	6.75776	7.29966	7.93603	8.67201	9.51475	10.4741	11.5639	12.8039	14.2226	15.8637	17.7966	20.1417	23.1301	30	
40	16.991	12.6528	9.9909	8.20393	6.92511	5.9666	5.22313	4.63138	4.15113	3.75568	3.4267	3.15124	2.91996	2.72601	2.5643	2.43101	2.32333	2.23915	2.17697	2.13582	2.11512	2.11473	2.13491	2.17638	2.24032	2.32853	2.44359	2.58903	2.76975	2.99254	3.26688	3.60634	4.03074	4.57007	5.27165	6.21425	7.53861	9.51965	12.7582	30	
40	27.1855	20.2445	15.9854	13.1263	11.0802	9.54656	8.35701	7.41021	6.64181	6.00909	5.48272	5.04199	4.67194	4.36162	4.10287	3.88962	3.71732	3.58263	3.48316	3.41731	3.38419	3.38356	3.41586	3.4822	3.58451	3.72565	3.90974	4.14244	4.4316	4.78806	5.22701	5.77014	6.44918	7.31211	8.43464	9.94281	12.0618	15.2314	20.413	30	
40	31.5072	25.1555	20.5818	17.2379	14.7256	12.7859	11.252	10.015	9.00166	8.16144	7.45878	6.86807	6.37054	5.95227	5.60282	5.31433	5.08092	4.89822	4.76309	4.67345	4.62811	4.62676	4.66993	4.75906	4.89664	5.08638	5.33353	5.64534	6.03172	6.50626	7.08771	7.80233	8.68754	9.79788	11.2148	13.0628	15.5359	18.9324	23.6632	30	
40	33.6887	28.2901	23.9507	20.5211	17.8024	15.6239	13.8556	12.4023	11.195	10.1834	9.33066	8.60923	7.99859	7.48319	7.05121	6.69364	6.40369	6.17625	6.00765	5.89542	5.83814	5.83542	5.88785	5.99707	6.16593	6.39866	6.70123	7.08178	7.55132	8.12465	8.82176	9.66982	10.706	11.9816	13.5676	15.5608	18.089	21.3008	25.308	30	
40	34.9586	30.3673	26.413	23.0975	20.344	18.0576	16.1508	14.5512	13.201	12.0558	11.081	10.2501	9.54241	8.94219	8.43709	8.0176	7.67645	7.40813	7.20864	7.07525	7.00639	7.00158	7.0614	7.18759	7.38312	7.65246	8.0018	8.43954	8.97679	9.62823	10.4131	11.3566	12.4917	13.8608	15.5179	17.5279	19.9615	22.8758	26.2688	30	
40	35.7796	31.81	28.24	25.1167	22.4245	20.1188	18.1472	16.4597	15.0124	13.7689	12.6994	11.7802	10.9921	10.3199	9.75172	9.27801	8.89147	8.5865	8.35896	8.20602	8.12601	8.11835	8.18359	8.3234	8.54074	8.83995	9.22709	9.71019	10.2997	11.0092	11.8557	12.8609	14.0513	15.459	17.1211	19.0761	21.3568	23.9744	26.8928	30	
40	36.3511	32.8562	29.6246	26.7106	24.1255	21.8542	19.8692	18.1386	16.6317	15.3207	14.1815	13.194	12.3414	11.6099	10.9886	10.4685	10.0425	9.70531	9.45271	9.28193	9.19124	9.18002	9.24869	9.3988	9.63306	9.95551	10.3717	10.8889	11.5164	12.2658	13.1514	14.1904	15.4028	16.8111	18.4381	20.3041	22.4194	24.775	27.3294	30	
40	36.7702	33.6422	30.6963	27.982	25.5206	23.3129	21.3475	19.6061	18.0687	16.7154	15.5277	14.4896	13.5871	12.8083	12.1434	11.5845	11.125	10.7598	10.4852	10.2983	10.1975	10.1821	10.2523	10.4095	10.6561	10.9956	11.4327	11.9738	12.6266	13.4005	14.3069	15.3584	16.5692	17.9535	19.5241	21.2889	23.2464	25.3799	27.6513	30	
40	37.0892	34.2499	31.542	29.0077	26.6708	24.5401	22.6138	20.8833	19.3367	17.9607	16.7421	15.6685	14.7288	13.9132	13.2136	12.6229	12.1355	11.7466	11.4528	11.2516	11.1413	11.1211	11.1912	11.3527	11.6074	11.9582	12.4093	12.9655	13.633	14.419	15.3319	16.3805	17.5739	18.9201	20.4246	22.088	23.9028	25.8503	27.8979	30	
40	37.3388	34.7302	32.2202	29.8439	27.6245	25.5745	23.6976	21.9917	20.4508	19.0668	17.8309	16.7341	15.768	14.9251	14.1985	13.5824	13.072	12.6633	12.3532	12.1393	12.0201	11.9948	12.0633	12.2265	12.4857	12.8432	13.3021	13.8661	14.5398	15.3284	16.2375	17.2726	18.4388	19.7396	21.1758	22.7435	24.4325	26.2244	28.0921	30	
40	37.5381	35.1164	32.7711	30.5317	28.4196	26.4484	24.6251	22.9516	21.4261	20.0446	18.8017	17.6914	16.7078	15.8452	15.0983	14.4625	13.9338	13.5088	13.1849	12.9599	12.8324	12.8018	12.8676	13.0304	13.2911	13.6513	14.1131	14.6792	15.3526	16.1367	17.0347	18.0496	19.1833	20.4363	21.8059	23.286	24.8654	26.5271	28.248	30	
40	37.6995	35.4308	33.2232	31.1016	29.0853	27.188	25.4185	23.781	22.2769	20.9049	19.6625	18.5463	17.5522	16.6762	15.9147	15.2639	14.7208	14.2826	13.9471	13.7126	13.5776	13.5414	13.6037	13.7644	14.0242	14.384	14.845	15.4088	16.0771	16.8518	17.7341	18.7249	19.8241	21.0294	22.3367	23.7384	25.223	26.7751	28.3751	30	
40	37.8316	35.6891	33.5969	31.5761	29.6442	27.8146	26.0965	24.496	23.0162	21.6583	20.4217	19.3048	18.3055	17.4213	16.6496	15.9879	15.4337	14.9851	14.6401	14.3973	14.2555	14.2139	14.2719	14.4294	14.6865	15.0435	15.5008	16.0592	16.7193	17.4813	18.3453	19.3105	20.3749	21.535	22.7852	24.1173	25.5204	26.9802	28.4799	30	
40	37.9404	35.9025	33.907	31.9722	30.114	28.3449	26.6747	25.1101	23.6558	22.3143	21.0867	19.9731	18.9726	18.084	17.3058	16.6363	16.0739	15.6171	15.2644	15.0146	14.8667	14.8198	14.8733	15.0267	15.2797	15.6322	16.084	16.635	17.2846	18.0324	18.8769	19.8163	20.8473	21.9654	23.1643	24.4356	25.7687	27.1507	28.5667	30	
40	38.0303	36.0792	34.1646	32.3029	30.5082	28.7926	27.1658	25.635	24.2057	22.8816	21.665	20.557	19.558	18.6679	17.8859	17.2113	16.643	16.1799	15.821	15.5653	15.4119	15.36	15.4088	15.5577	15.8059	16.1529	16.598	17.1403	17.7786	18.5113	19.3365	20.2509	21.2508	22.3309	23.4843	24.7029	25.9763	27.2927	28.6388	30	
40	38.1044	36.2253	34.3782	32.578	30.8377	29.1686	27.5803	26.0803	24.6747	23.3678	22.1629	21.062	20.0664	19.1767	18.393	17.7152	17.1427	16.675	16.3112	16.0506	15.8925	15.8359	15.8801	16.0242	16.2672	16.6082	17.046	17.5791	18.2058	18.9238	19.7303	20.6216	21.5933	22.6395	23.7533	24.9265	26.1493	27.4108	28.6986	30	
40	38.1653	36.3452	34.5541	32.8052	31.1108	29.4815	27.9267	26.4541	25.0701	23.7795	22.5862	21.4929	20.5017	19.6138	18.8299	18.1504	17.5752	17.104	16.7364	16.4718	16.3096	16.2488	16.2886	16.428	16.6658	17.0007	17.4311	17.9551	18.5706	19.2746	20.0639	20.9343	21.8809	22.8976	23.9774	25.1122	26.2926	27.5083	28.748	30	
40	38.2146	36.4426	34.6971	32.9904	31.334	29.7381	28.2119	26.763	25.398	24.1221	22.9398	21.8542	20.8678	19.9824	19.1993	18.5191	17.9422	17.4686	17.0982	16.8304	16.6646	16.6001	16.6359	16.7709	17.0037	17.3327	17.7561	18.2716	18.8766	19.568	20.3419	21.194	22.1188	23.1104	24.1615	25.2643	26.4096	27.5878	28.7883	30	
40	38.2538	36.52	34.8109	33.1381	31.5125	29.9439	28.4412	27.0122	25.6634	24.4005	23.2279	22.1494	21.1679	20.2854	19.5035	18.8234	18.2457	17.7705	17.3979	17.1276	16.959	16.8914	16.9236	17.0546	17.2828	17.6064	18.0234	18.5312	19.127	19.8073	20.568	21.4044	22.3111	23.2818	24.3095	25.3862	26.5033	27.6513	28.8204	30	
40	38.2838	36.5793	34.8983	33.2517	31.6501	30.103	28.619	27.206	25.8705	24.6182	23.454	22.3818	21.4047	20.5251	19.7449	19.0653	18.4872	18.0112	17.6371	17.3649	17.1941	17.1238	17.1531	17.2806	17.5048	17.8237	18.2352	18.7365	19.3244	19.9954	20.7452	21.5689	22.461	23.4151	24.4242	25.4805	26.5756	27.7003	28.8451	30	
40	38.3053	36.622	34.9613	33.3338	31.7497	30.2184	28.7484	27.3475	26.0222	24.7783	23.6209	22.5538	21.5805	20.7036	19.925	19.2463	18.6684	18.1919	17.8169	17.5434	17.3709	17.2986	17.3255	17.4502	17.6712	17.9863	18.3932	18.8892	19.4709	20.1345	20.8758	21.6898	22.5708	23.5124	24.5078	25.5491	26.628	27.7358	28.863	30	
40	38.3189	36.649	35.0012	33.3859	31.8132	30.2923	28.8317	27.439	26.1208	24.8829	23.7304	22.6674	21.6971	20.8225	20.0455	19.3677	18.7903	18.3137	17.9384	17.6641	17.4905	17.4168	17.442	17.5646	17.783	18.0952	18.4988	18.9908	19.5679	20.2263	20.9616	21.7688	22.6422	23.5755	24.5617	25.5931	26.6617	27.7585	28.8744	30	
40	38.3249	36.6609	35.0188	33.4092	31.8419	30.3261	28.8703	27.4819	26.1677	24.9334	23.784	22.7237	21.7557	20.8829	20.1073	19.4306	18.8539	18.3777	18.0024	17.7279	17.5537	17.4792	17.5033	17.6245	17.8413	18.1516	18.5529	19.0423	19.6165	20.2718	21.0036	21.8069	22.6762	23.6052	24.5868	25.6135	26.6771	27.7688	28.8796	30	
40	38.3233	36.6578	35.0145	33.404	31.8361	30.3202	28.8646	27.4769	26.1636	24.9305	23.7824	22.7234	21.7569	20.8855	20.1112	19.4356	18.8598	18.3843	18.0095	17.7352	17.5611	17.4864	17.51	17.6306	17.8466	18.1558	18.556	19.0443	19.6174	20.2715	21.0022	21.8047	22.6734	23.602	24.5835	25.6104	26.6745	27.7669	28.8786	30	
40	38.314	36.6395	34.9879	33.3698	31.7955	30.2742	28.8144	27.4236	26.1083	24.874	23.7256	22.6668	21.7009	20.8304	20.0573	19.383	18.8083	18.334	17.9601	17.6866	17.5131	17.4387	17.4625	17.5832	17.7991	18.1083	18.5085	18.9969	19.5704	20.2254	20.9575	21.7621	22.6335	23.5656	24.5515	25.5836	26.6536	27.7526	28.8714	30	
40	38.2967	36.6055	34.9381	33.3058	31.7189	30.187	28.7186	27.3211	26.0009	24.7633	23.6128	22.5532	21.5874	20.7176	19.9457	19.2727	18.6996	18.2268	17.8544	17.5822	17.4097	17.3363	17.3609	17.4822	17.6988	18.0088	18.41	18.8998	19.4753	20.133	20.8688	21.6781	22.5556	23.4951	24.4899	25.5323	26.6138	27.7255	28.8576	30	
40	38.2708	36.5545	34.8636	33.21	31.6044	30.0566	28.5752	27.1674	25.8396	24.5967	23.443	22.3817	21.4155	20.5464	19.7757	19.1046	18.5334	18.0627	17.6923	17.4219	17.2511	17.1791	17.205	17.3276	17.5455	17.857	18.26	18.7523	19.3311	19.9932	20.7349	21.5516	22.4383	23.3892	24.3973	25.4552	26.5541	27.6847	28.8369	30	
40	38.2355	36.4851	34.7623	33.0797	31.4489	29.8798	28.3811	26.9598	25.6219	24.3721	23.2141	22.1507	21.184	20.3157	19.5468	18.8779	18.3094	17.8413	17.4735	17.2056	17.037	16.967	16.9947	17.119	17.3386	17.6521	18.0577	18.5533	19.1365	19.8044	20.5537	21.3803	22.2794	23.2454	24.2716	25.3503	26.4727	27.6291	28.8087	30	
40	38.1896	36.3949	34.6308	32.9113	31.2484	29.6525	28.1322	26.6943	25.3444	24.0864	22.9235	21.8579	20.8912	20.0242	19.2578	18.592	18.0269	17.5623	17.1978	16.9329	16.7671	16.6995	16.7294	16.8557	17.0774	17.3932	17.8017	18.3011	18.8895	19.5644	20.323	21.1616	22.0759	23.0607	24.1095	25.2147	26.3673	27.5569	28.772	30	
40	38.1313	36.2806	34.4649	32.6994	30.9972	29.369	27.8232	26.3661	25.0026	23.7358	22.5681	21.5008	20.5348	19.6702	18.9073	18.2457	17.6851	17.2249	16.8646	16.6036	16.4411	16.3763	16.4086	16.5371	16.7609	17.0791	17.4905	17.9939	18.5878	19.2704	20.0393	20.8917	21.8238	22.8309	23.9071	25.0447	26.2346	27.4658	28.7256	30	
40	38.0584	36.138	34.2586	32.4373	30.6882	29.0222	27.4473	25.9691	24.5912	23.3159	22.1441	21.0763	20.1124	19.2518	18.494	17.8381	17.2833	16.8287	16.4736	16.2171	16.0585	15.9969	16.0318	16.1625	16.3882	16.7084	17.1224	17.6295	18.2287	18.919	19.6988	20.5661	21.5181	22.5508	23.6588	24.8351	26.0702	27.3524	28.6677	30	
40	37.9675	35.9609	34.0037	32.1156	30.3117	28.6028	26.9961	25.4958	24.1039	22.8211	21.6471	20.5809	19.6213	18.7669	18.0163	17.3679	16.8206	16.3731	16.0243	15.7732	15.619	15.561	15.5984	15.731	15.9582	16.2797	16.6955	17.2054	17.8091	18.5064	19.2968	20.1794	21.1525	22.2133	23.3577	24.579	25.868	27.2123	28.5959	30	
40	37.8538	35.7405	33.689	31.7219	29.8554	28.0994	26.4593	24.9373	23.5333	22.2457	21.0724	20.011	19.0588	18.2135	17.4727	16.8343	16.2965	15.8577	15.5165	15.2717	15.1225	15.0681	15.108	15.2419	15.4698	15.7916	16.2078	16.7189	17.3254	18.0281	18.8278	19.7249	20.7193	21.8101	22.9944	24.2671	25.6196	27.0388	28.5065	30	
40	37.7104	35.4644	33.2988	31.2397	29.3032	27.4974	25.8246	24.2835	22.871	21.583	20.415	19.3627	18.4221	17.5896	16.8619	16.2362	15.7103	15.2821	14.95	14.7126	14.5689	14.5183	14.5604	14.6949	14.9222	15.2427	15.6574	16.1673	16.774	17.4795	18.2858	19.1952	20.2095	21.3302	22.557	23.887	25.3133	26.8227	28.3944	30	
40	37.5261	35.1137	32.8106	30.6462	28.6346	26.7792	25.0773	23.5227	22.1082	20.8263	19.6698	18.6325	17.7086	16.8935	16.1829	15.5733	15.062	14.6466	14.3251	14.0962	13.9586	13.9119	13.9556	14.0897	14.3149	14.632	15.0425	15.5481	16.1515	16.8556	17.6643	18.5816	19.6123	20.7606	22.0301	23.4219	24.9323	26.5499	28.2513	30	
40	37.283	34.6594	32.1921	29.9109	27.8232	25.9237	24.2011	22.6427	21.2358	19.969	18.8323	17.8172	16.9165	16.1241	15.4351	14.8455	14.3519	13.9516	13.6426	13.4232	13.2923	13.2493	13.294	13.4266	13.6478	13.9589	14.3619	14.8592	15.4544	16.1517	16.9564	17.8751	18.9153	20.0854	21.3941	22.8487	24.4523	26.1985	28.0637	30	
40	36.949	34.0542	31.3951	28.9925	26.8366	24.9063	23.1783	21.6308	20.245	19.0053	17.8987	16.9146	16.0443	15.281	14.6189	14.0533	13.5808	13.1982	12.9034	12.6948	12.5711	12.5318	12.5766	12.7061	12.9211	13.2233	13.6149	14.0991	14.6802	15.3634	16.1559	17.0663	18.1055	19.2865	20.6247	22.1366	23.8373	25.7331	27.8076	30	
40	36.4616	33.218	30.3491	27.8371	25.6365	23.7011	21.9915	20.4757	19.1287	17.9309	16.8666	15.9236	15.0922	14.3648	13.735	13.1981	12.7501	12.388	12.1094	11.9127	11.7967	11.7608	11.805	11.9297	12.1361	12.4259	12.8018	13.2673	13.8272	14.4879	15.2576	16.147	17.1699	18.3444	19.6933	21.2454	23.0345	25.0939	27.4359	30	
40	35.6815	32.0118	28.9533	26.3794	24.1826	22.2837	20.6263	19.1693	17.8826	16.7438	15.7356	14.8449	14.0614	13.3771	12.7856	12.2819	11.8621	11.5232	11.2628	11.0792	10.9714	10.9387	10.9812	11.0995	11.2946	11.5684	11.9238	12.3645	12.8957	13.524	14.2585	15.1112	16.0981	17.241	18.5698	20.1261	21.9683	24.1764	26.8445	30	
40	34.2548	30.1988	27.0792	24.5533	22.4411	20.6374	19.075	17.7087	16.5066	15.4454	14.508	13.6812	12.9548	12.321	11.7736	11.3078	10.9199	10.6068	10.3665	10.1972	10.098	10.0683	10.1081	10.2181	10.3993	10.6536	10.9836	11.3933	11.8874	12.4729	13.1586	13.9569	14.8843	15.9639	17.229	18.7291	20.5425	22.8033	25.7678	30	
40	31.1407	27.4535	24.6175	22.3212	20.401	18.7613	17.3409	16.0988	15.006	14.0413	13.1891	12.4374	11.7771	11.2009	10.7033	10.2798	9.92715	9.64257	9.42406	9.27018	9.17997	9.15298	9.18921	9.28916	9.45388	9.68505	9.98513	10.3575	10.8067	11.339	11.9624	12.6881	13.5312	14.5127	15.6627	17.0264	18.675	20.7302	23.4252	30	
40	17.0251	12.721	10.0926	8.33855	7.09179	6.16431	5.45062	4.88724	4.43376	4.06332	3.75742	3.50299	3.29055	3.11314	2.96555	2.84391	2.74531	2.66761	2.60926	2.56927	2.54705	2.5425	2.55588	2.58796	2.63998	2.71384	2.81217	2.93864	3.09826	3.29793	3.54729	3.86006	4.25623	4.76596	5.43674	6.34755	7.6393	9.58712	12.792	30	
40	27.2402	20.3536	16.1482	13.3417	11.3469	9.86289	8.721	7.81959	7.09402	6.50131	6.01188	5.60479	5.26488	4.98102	4.74488	4.55026	4.3925	4.26817	4.17482	4.11082	4.07529	4.06799	4.08941	4.14073	4.22398	4.34215	4.49948	4.70183	4.95721	5.27668	5.67567	6.1761	6.80997	7.62554	8.69879	10.1561	12.2229	15.3394	20.4672	30	
40	31.5822	25.305	20.8049	17.5332	15.0913	13.2196	11.7511	10.5763	9.62165	8.83628	8.18427	7.63968	7.18348	6.80148	6.48303	6.22009	6.00661	5.83811	5.71138	5.62428	5.57563	5.56513	5.59338	5.66192	5.77337	5.9316	6.14208	6.41226	6.75234	7.17618	7.70284	8.35892	9.1822	10.2276	11.5769	13.3552	15.7568	19.0804	23.7374	30	
40	33.7837	28.4794	24.2333	20.8952	18.2656	16.1732	14.4877	13.1132	11.9803	11.0382	10.2496	9.58659	9.0283	8.55884	8.16613	7.84092	7.57621	7.36676	7.2088	7.09979	7.03832	7.02401	7.05754	7.14067	7.27643	7.46926	7.72538	8.05321	8.46409	8.97319	9.6009	10.3748	11.3326	12.5259	14.0263	15.9312	18.3688	21.4883	25.402	30	
40	35.0732	30.5958	26.7539	23.5488	20.9028	18.7204	16.9135	15.4089	14.1486	13.0872	12.1898	11.4293	10.7848	10.24	9.78229	9.40184	9.09115	8.84454	8.65788	8.52838	8.45446	8.43566	8.47268	8.5674	8.723	8.94419	9.23749	9.61161	10.0781	10.652	11.3532	12.2072	13.2477	14.5175	16.0714	17.9748	20.299	23.102	26.3823	30	
40	35.9133	32.0768	28.638	25.6435	23.0768	20.8925	19.0374	17.4609	16.1183	14.9727	13.9936	13.1566	12.4422	11.8348	11.3219	10.8937	10.5427	10.2631	10.0505	9.90215	9.81622	9.79224	9.83086	9.93395	10.1047	10.3477	10.6694	11.0783	11.5852	12.2042	12.953	13.8537	14.9337	16.2256	17.7671	19.5977	21.7508	24.2384	27.0252	30	
40	36.5035	33.16	30.078	27.3107	24.8686	22.7357	20.8834	19.2793	17.8917	16.6922	15.6559	14.7621	13.9935	13.3358	12.7775	12.3093	11.9238	11.6155	11.3799	11.2143	11.1169	11.0871	11.1254	11.2337	11.4148	11.6733	12.0149	12.4475	12.9809	13.6272	14.4015	15.3215	16.4081	17.6844	19.1742	20.8983	22.8683	25.0757	27.4802	30	
40	36.9406	33.9821	31.2034	28.6531	26.3516	24.2986	22.4817	20.8817	19.4778	18.2491	17.1766	16.2433	15.4347	14.7383	14.1439	13.643	13.2288	12.896	12.6404	12.4593	12.351	12.3147	12.3511	12.4615	12.6487	12.9165	13.2703	13.7168	14.2644	14.9231	15.7049	16.6234	17.6934	18.9302	20.3472	21.9535	23.7484	25.7162	27.82	30	
40	37.277	34.6244	32.1007	29.7472	27.5864	25.6261	23.8635	22.2888	20.8893	19.6507	18.5588	17.6007	16.7645	16.0398	15.4178	14.8911	14.4535	14.1003	13.8275	13.6327	13.514	13.4709	13.5037	13.6136	13.8028	14.0748	14.434	14.886	15.4375	16.0966	16.8723	17.7743	18.8126	19.9962	21.3315	22.8203	24.4559	26.2209	28.0838	30	
40	37.5433	35.1378	32.8283	30.6488	28.6211	26.7566	25.0579	23.5216	22.1407	20.9063	19.8083	18.8373	17.9838	17.2398	16.5977	16.0512	15.5952	15.2252	14.938	14.731	14.6028	14.5525	14.5804	14.6874	14.8754	15.1471	15.506	15.9565	16.504	17.1544	17.9141	18.7897	19.7871	20.9109	22.163	23.5405	25.0345	26.6278	28.2944	30	
40	37.7583	35.5555	33.4263	31.3989	29.4933	27.7219	26.0905	24.5997	23.2467	22.0262	20.932	19.9572	19.095	18.3389	17.683	17.1222	16.6521	16.2688	15.9695	15.752	15.6148	15.5573	15.5793	15.6816	15.8656	16.1333	16.4874	16.9313	17.4687	18.1039	18.841	19.684	20.6359	21.6981	22.8694	24.1447	25.514	26.9617	28.466	30	
40	37.9346	35.8996	33.9228	32.0276	30.2318	28.548	26.9833	25.541	24.2209	23.021	21.9374	20.9658	20.1012	19.3391	18.6747	18.104	17.6234	17.2298	16.9206	16.6941	16.5487	16.4838	16.4993	16.5955	16.7733	17.0343	17.3803	17.8136	18.3368	18.9524	19.6629	20.4702	21.3751	22.3769	23.4723	24.6552	25.9156	27.2392	28.6079	30	
40	38.0807	36.1859	34.3381	32.5572	30.8591	29.2555	27.7545	26.3608	25.0761	23.9004	22.8321	21.8684	21.0065	20.2428	19.5741	18.9972	18.5093	18.1079	17.7908	17.5564	17.4036	17.3316	17.3401	17.4292	17.5994	17.8517	18.1872	18.6073	19.1135	19.7071	20.389	21.1597	22.0183	22.9627	23.9884	25.0888	26.2542	27.472	28.7265	30	
40	38.2026	36.4253	34.687	33.0047	31.3923	29.8612	28.4194	27.0724	25.8234	24.6737	23.6232	22.6708	21.8148	21.053	20.3832	19.803	19.3103	18.9032	18.5798	18.3389	18.1794	18.1005	18.1018	18.1833	18.345	18.5873	18.9109	19.3163	19.8041	20.3746	21.0276	21.7622	22.5767	23.4678	24.4305	25.4579	26.5409	27.6682	28.8262	30	
40	38.3045	36.6259	34.9804	33.3826	31.8451	30.3783	28.9904	27.6871	26.4725	25.349	24.3175	23.3782	22.5303	21.7728	21.1042	20.5229	20.0275	19.6163	19.2881	19.0418	18.8763	18.7909	18.7851	18.8587	19.0114	19.2432	19.5542	19.9443	20.4133	20.9607	21.5855	22.2859	23.0594	23.902	24.8085	25.772	26.7838	27.8338	28.9102	30	
40	38.3896	36.7937	35.2265	33.7007	32.2278	30.8175	29.4776	28.2142	27.0318	25.9335	24.9211	23.9955	23.157	22.4053	21.7395	21.1587	20.662	20.2483	19.9164	19.6656	19.4948	19.4034	19.3909	19.4567	19.6004	19.8216	20.12	20.4949	20.9455	21.4707	22.0689	22.7377	23.4739	24.2732	25.1302	26.0382	26.989	27.9734	28.9808	30	
40	38.4602	36.9332	35.4315	33.9665	32.5487	31.1871	29.8892	28.6614	27.5082	26.4333	25.4392	24.5274	23.6987	22.9534	22.2914	21.7123	21.2155	20.8002	20.4656	20.2111	20.0358	19.939	19.9202	19.9786	20.1136	20.3246	20.6108	20.9712	21.4045	21.9092	22.483	23.1232	23.8262	24.5875	25.4016	26.2621	27.1612	28.0903	29.0399	30	
40	38.5182	37.0479	35.6002	34.1858	32.8141	31.4937	30.232	29.0349	27.9076	26.8538	25.8765	24.9776	24.1585	23.42	22.7623	22.1855	21.6893	21.2733	20.9368	20.6793	20.5001	20.3986	20.374	20.4256	20.5526	20.7541	21.029	21.3761	21.7937	22.2798	22.8319	23.447	24.1212	24.8499	25.6276	26.4479	27.3037	28.1869	29.0887	30	
40	38.5648	37.1401	35.7362	34.3628	33.029	31.7426	30.511	29.34	28.2348	27.1993	26.2368	25.3497	24.5395	23.8074	23.1542	22.58	22.0849	21.6687	21.331	21.0712	20.8888	20.7832	20.7536	20.7992	20.919	21.112	21.3768	21.7121	22.1158	22.5858	23.1192	23.7129	24.3627	25.0641	25.8116	26.599	27.4194	28.2652	29.1282	30	
40	38.601	37.2119	35.8422	34.5011	33.197	31.9378	30.7304	29.5806	28.4935	27.4733	26.5234	25.6464	24.8441	24.1179	23.4689	22.8974	22.4037	21.9877	21.6492	21.3877	21.2028	21.0939	21.06	21.1004	21.2141	21.3998	21.656	21.9812	22.3733	22.8297	23.3477	23.9238	24.5538	25.2332	25.9565	26.7177	27.5101	28.3265	29.1591	30	
40	38.6276	37.2646	35.9201	34.6029	33.3211	32.0823	30.8931	29.7596	28.6867	27.6786	26.7388	25.87	25.0743	24.3532	23.7079	23.1389	22.6467	22.2312	21.8924	21.6298	21.443	21.3314	21.2942	21.3305	21.4391	21.6188	21.8681	22.1852	22.5679	23.0137	23.5195	24.0819	24.6967	25.3592	26.0642	26.8058	27.5773	28.3719	29.182	30	
40	38.645	37.2991	35.9712	34.6698	33.403	32.178	31.0015	29.8793	28.8164	27.817	26.8847	26.0222	25.2316	24.5147	23.8725	23.3058	22.815	22.4002	22.0614	21.7982	21.6102	21.4967	21.457	21.4901	21.5949	21.7702	22.0142	22.3253	22.7011	23.139	23.6361	24.1887	24.7929	25.4438	26.1363	26.8645	27.622	28.402	29.1972	30	
40	38.6535	37.316	35.9963	34.7029	33.4438	32.2262	31.0566	29.9409	28.8839	27.89	26.9624	26.1041	25.3172	24.6033	23.9636	23.3988	22.9094	22.4954	22.1569	21.8936	21.7049	21.5903	21.549	21.5801	21.6824	21.8546	22.0952	22.4023	22.7737	23.2068	23.6985	24.2454	24.8434	25.4878	26.1735	26.8946	27.6448	28.4172	29.2048	30	
40	38.6531	37.3153	35.9956	34.7025	33.444	32.2273	31.0591	29.945	28.8899	27.898	26.9726	26.1165	25.3317	24.6197	23.9818	23.4185	22.9303	22.5174	22.1795	21.9164	21.7277	21.6128	21.5708	21.6009	21.7019	21.8727	22.1116	22.4168	22.7862	23.2174	23.7072	24.2523	24.8486	25.4916	26.1761	26.8962	27.6457	28.4178	29.205	30	
40	38.6437	37.2969	35.9688	34.6681	33.4031	32.181	31.0085	29.8913	28.8341	27.841	26.9152	26.0593	25.2751	24.5641	23.9273	23.3652	22.8782	22.4663	22.1294	21.8671	21.679	21.5644	21.5226	21.5527	21.6538	21.8245	22.0634	22.3689	22.7388	23.1708	23.6621	24.2092	24.8083	25.4549	26.1438	26.8692	27.6247	28.4033	29.1977	30	
40	38.6251	37.2602	35.915	34.5988	33.32	32.0861	30.9039	29.7788	28.7157	27.7183	26.7896	25.932	25.1471	24.4362	23.8	23.2389	22.7531	22.3425	22.0068	21.7458	21.5588	21.4453	21.4046	21.4358	21.5379	21.71	21.9506	22.2582	22.6309	23.0665	23.5624	24.1154	24.7217	25.3768	26.0758	26.8127	27.581	28.3736	29.1826	30	
40	38.5966	37.2041	35.8329	34.4928	33.1928	31.9407	30.7431	29.6057	28.5329	27.5283	26.5946	25.7338	24.9471	24.2356	23.5996	23.0394	22.5548	22.1458	21.8119	21.5526	21.3674	21.2556	21.2167	21.2499	21.3543	21.5289	21.7726	22.0841	22.4617	22.9036	23.4071	23.9696	24.5873	25.256	25.9707	26.7255	27.5136	28.3277	29.1594	30	
40	38.5575	37.1269	35.72	34.3474	33.0185	31.7416	30.5233	29.3692	28.2834	27.269	26.3284	25.463	24.6738	23.9612	23.3254	22.7662	22.2832	21.8761	21.5444	21.2874	21.1045	20.9953	20.9589	20.9948	21.1023	21.2806	21.5287	21.8456	22.23	22.6803	23.1944	23.7697	24.403	25.0901	25.8263	26.6055	27.4209	28.2644	29.1273	30	
40	38.5064	37.0266	35.5734	34.1589	32.7932	31.4848	30.2405	29.0656	27.9637	26.9375	25.9886	25.1179	24.3257	23.6121	22.9766	22.4187	21.9378	21.5332	21.2042	20.9502	20.7703	20.6641	20.6309	20.6703	20.7816	20.9643	21.2178	21.5414	21.9341	22.3948	22.9219	23.5131	24.1658	24.8763	25.6397	26.4502	27.3005	28.1822	29.0856	30	
40	38.4419	36.8998	35.3887	33.9222	32.5112	31.1648	29.8896	28.6902	27.5698	26.5302	25.5722	24.6959	23.9009	23.1866	22.552	21.9962	21.5181	21.1168	20.7913	20.5408	20.3645	20.2619	20.2325	20.2757	20.3913	20.579	20.8386	21.1696	21.5718	22.0444	22.5864	23.1964	23.8721	24.6103	25.4068	26.2555	27.1492	28.0786	29.0329	30	
40	38.3614	36.7422	35.1601	33.6305	32.1656	30.7746	29.4638	28.237	27.0964	26.0427	25.0755	24.1942	23.3972	22.6832	22.0507	21.498	21.0237	20.6266	20.3054	20.0592	19.8871	19.7887	19.7633	19.8107	19.9309	20.1238	20.3896	20.7285	21.1406	21.626	22.1844	22.8152	23.5169	24.2872	25.1223	26.0167	26.9627	27.9505	28.9676	30	
40	38.2619	36.5478	34.8794	33.2746	31.7469	30.3051	28.9549	27.6988	26.5374	25.47	24.4947	23.6096	22.8122	22.1002	21.4712	20.9232	20.4541	20.0624	19.7465	19.5054	19.3382	19.2442	19.2232	19.2749	19.3995	19.5975	19.8693	20.2158	20.6377	21.136	21.7113	22.3641	23.0941	23.9001	24.7793	25.7268	26.735	27.7932	28.8872	30	
40	38.1384	36.3079	34.5356	32.8425	31.2428	29.7451	28.353	27.0671	25.8858	24.8064	23.8253	22.9389	22.1436	21.4359	20.8127	20.2712	19.8091	19.4242	19.1148	18.8798	18.718	18.6289	18.6122	18.668	18.7967	18.999	19.276	19.6291	20.0599	20.5703	21.162	21.837	22.5964	23.4407	24.3687	25.3767	26.4578	27.6004	28.7882	30	
40	37.984	36.0101	34.113	32.3174	30.6376	29.0802	27.6458	26.3318	25.1336	24.0458	23.0626	22.1787	21.3889	20.6887	20.0742	19.5418	19.0886	18.7123	18.4108	18.1827	18.0269	17.943	17.9306	17.99	18.1219	18.3274	18.6082	18.9662	19.404	19.9245	20.5308	21.2265	22.0148	22.8985	23.8787	24.9542	26.1194	27.3628	28.6653	30	
40	37.7878	35.6356	33.5894	31.6769	29.9108	28.293	26.8192	25.4818	24.2723	23.1818	22.2021	21.3257	20.5461	19.8576	19.2552	18.7348	18.2931	17.9273	17.6351	17.415	17.2659	17.1873	17.1789	17.2412	17.3752	17.5823	17.8647	18.2251	18.6668	19.194	19.8114	20.5244	21.3389	22.2605	23.2942	24.4425	25.7033	27.0665	28.5104	30	
40	37.5318	35.1555	32.9323	30.8907	29.0364	27.3627	25.8569	24.505	23.2929	22.2082	21.2395	20.3775	19.6138	18.9418	18.3557	17.8509	17.4234	17.0703	16.7891	16.5782	16.4363	16.363	16.3581	16.4224	16.5569	16.7635	17.0448	17.404	17.8455	18.3746	18.9975	19.7219	20.5566	21.5113	22.5958	23.819	25.1852	26.6896	28.31	30	
40	37.184	34.5226	32.0941	29.9176	27.9822	26.2651	24.7418	23.3892	22.1875	21.1196	20.1717	19.3321	18.5913	17.9416	17.3766	16.8911	16.481	16.1429	15.8745	15.6738	15.5398	15.4718	15.4699	15.5349	15.668	15.8715	16.1482	16.502	16.938	17.4624	18.0832	18.8102	19.6553	20.6328	21.7594	23.0528	24.5294	26.1968	28.0401	30	
40	36.6817	33.657	31.0042	28.7041	26.71	24.9745	23.4567	22.1236	20.9491	19.9122	18.9966	18.1891	17.479	16.8581	16.3194	15.8574	15.468	15.1476	14.8937	14.7044	14.5787	14.516	14.5164	14.5806	14.7103	14.9076	15.1758	15.5191	15.9431	16.4549	17.0637	17.7812	18.6223	19.6061	20.7566	22.1039	23.6831	25.5284	27.6539	30	
40	35.8861	32.4197	29.5619	27.185	25.18	23.4668	21.9876	20.7003	19.5739	18.5846	17.7146	16.9497	16.279	15.6936	15.1867	14.7527	14.3873	14.0871	13.8496	13.673	13.5561	13.4985	13.5003	13.5624	13.6862	13.8742	14.1295	14.4567	14.8615	15.3515	15.9365	16.6295	17.4475	18.4132	19.5577	20.9237	22.5708	24.5802	27.047	30	
40	34.4429	30.574	27.6391	25.2943	23.3587	21.7257	20.3273	19.1171	18.0623	17.1388	16.3285	15.6174	14.9947	14.4519	13.9823	13.5807	13.2427	12.9653	12.7461	12.5832	12.4756	12.423	12.4254	12.4837	12.5993	12.7746	13.0126	13.3178	13.6957	14.1539	14.7022	15.3536	16.1256	17.0423	18.1378	19.4629	21.0967	23.1746	25.954	30	
40	31.3118	27.7946	25.1264	22.9948	21.2351	19.7506	18.4793	17.3792	16.4203	15.5808	14.8441	14.1976	13.6315	13.1381	12.7112	12.346	12.0388	11.7867	11.5873	11.4393	11.3415	11.2936	11.2958	11.3488	11.4539	11.6132	11.8297	12.1071	12.4507	12.8672	13.3657	13.9578	14.6596	15.493	16.4889	17.6935	19.1788	21.0679	23.5946	30	
40	17.0269	12.7245	10.0978	8.34538	7.10026	6.17435	5.46218	4.90024	4.44813	4.07896	3.77424	3.52088	3.30941	3.13284	2.98598	2.86494	2.76682	2.68945	2.63131	2.59138	2.5691	2.56434	2.57738	2.60899	2.66041	2.73354	2.83103	2.95653	3.11507	3.31356	3.56166	3.87306	4.26779	4.776	5.44521	6.35438	7.64446	9.59058	12.7937	30	
40	27.243	20.3591	16.1564	13.3526	11.3604	9.87896	8.73949	7.84039	7.117	6.52633	6.03878	5.63341	5.29505	5.01254	4.77757	4.58391	4.4269	4.30312	4.21009	4.14621	4.11056	4.10294	4.12381	4.17438	4.25666	4.37367	4.52965	4.73045	4.98411	5.3017	5.69865	6.1969	6.82846	7.6416	8.71233	10.167	12.2311	15.3449	20.47	30	
40	31.586	25.3126	20.8162	17.5482	15.1098	13.2416	11.7764	10.6048	9.65316	8.87058	8.22116	7.67893	7.22485	6.84471	6.52785	6.26623	6.05378	5.88602	5.75974	5.6728	5.624	5.61305	5.64055	5.70806	5.81819	5.97483	6.18344	6.45151	6.78923	7.21048	7.73434	8.38743	9.20755	10.2496	11.5955	13.3702	15.7681	19.088	23.7412	30	
40	33.7885	28.4891	24.2477	20.9142	18.2891	16.2011	14.5198	13.1493	12.0202	11.0817	10.2963	9.63631	9.0807	8.6136	8.2229	7.89936	7.63596	7.42746	7.27006	7.16124	7.09958	7.08471	7.11729	7.19912	7.33321	7.52402	7.77777	8.10293	8.51082	9.01665	9.64082	10.4109	11.3647	12.5538	14.0498	15.9502	18.3831	21.4979	25.4068	30	
40	35.079	30.6074	26.7713	23.5717	20.9312	18.7541	16.9523	15.4525	14.1967	13.1396	12.2462	11.4893	10.848	10.3061	9.8508	9.47237	9.16326	8.91778	8.73181	8.60254	8.52839	8.50891	8.54479	8.63793	8.79151	9.01027	9.30072	9.6716	10.1345	10.7045	11.4013	12.2508	13.2864	14.5512	16.0997	17.9977	20.3163	23.1136	26.3881	30	
40	35.9201	32.0903	28.6582	25.6703	23.1099	20.9318	19.0827	17.5117	16.1745	15.0339	14.0594	13.2267	12.5161	11.9119	11.4019	10.9761	10.6269	10.3486	10.1369	9.98872	9.90253	9.87775	9.91505	10.0163	10.1847	10.4248	10.7432	11.1483	11.651	12.2654	13.0092	13.9046	14.9789	16.2649	17.8002	19.6244	21.771	24.2519	27.032	30	
40	36.5112	33.1755	30.101	27.3412	24.9063	22.7804	20.9349	19.3373	17.9558	16.7619	15.731	14.842	14.0776	13.4237	12.8686	12.4031	12.0198	11.7129	11.4783	11.313	11.2152	11.1845	11.2214	11.3275	11.506	11.7612	12.099	12.5273	13.0559	13.697	14.4656	15.3795	16.4597	17.7292	19.2119	20.9288	22.8913	25.0912	27.488	30	
40	36.9493	33.9993	31.2292	28.6872	26.3938	24.3487	22.5393	20.9466	19.5495	18.3271	17.2605	16.3326	15.5288	14.8366	14.2459	13.748	13.3361	13.005	12.7504	12.5697	12.461	12.4237	12.4584	12.5664	12.7506	13.0149	13.3644	13.8061	14.3483	15.0011	15.7765	16.6882	17.7511	18.9803	20.3895	21.9876	23.7742	25.7335	27.8287	30	
40	37.2866	34.6434	32.1291	29.7848	27.6329	25.6814	23.927	22.3603	20.9683	19.7367	18.6513	17.6991	16.8682	16.1482	15.5302	15.0068	14.5718	14.2204	13.9488	13.7543	13.6353	13.5911	13.622	13.7292	13.9152	14.1832	14.5377	14.9844	15.53	16.1826	16.9513	17.8458	18.8761	20.0514	21.3781	22.8579	24.4843	26.2399	28.0933	30	
40	37.5537	35.1585	32.8592	30.6897	28.6718	26.8167	25.1271	23.5994	22.2267	20.9999	19.909	18.9444	18.0968	17.3578	16.72	16.1772	15.724	15.356	15.07	14.8634	14.7348	14.6833	14.7092	14.8134	14.9978	15.2651	15.6189	16.0637	16.6047	17.2481	18.0001	18.8675	19.8563	20.971	22.2136	23.5814	25.0654	26.6485	28.3048	30	
40	37.7695	35.5778	33.4596	31.443	29.5479	27.7867	26.1651	24.6836	23.3394	22.1271	21.0405	20.0727	19.2167	18.4661	17.8149	17.258	16.7908	16.4097	16.1118	15.8947	15.7571	15.6982	15.7181	15.8173	15.9974	16.2604	16.6091	17.0467	17.5772	18.2048	18.9337	19.7679	20.7105	21.7629	22.924	24.1888	25.5473	26.984	28.4772	30	
40	37.9466	35.9235	33.9584	32.0747	30.2902	28.6172	27.0629	25.6306	24.3199	23.1288	22.0533	21.0891	20.2312	19.4749	18.8155	18.249	17.7717	17.3804	17.0726	16.8465	16.7007	16.6344	16.6475	16.7405	16.9142	17.1701	17.5103	17.9369	18.4527	19.0602	19.7619	20.5598	21.4548	22.4461	23.5307	24.7023	25.9512	27.2631	28.6198	30	
40	38.0934	36.2112	34.3759	32.6072	30.9209	29.3289	27.839	26.4557	25.1811	24.0147	22.9549	21.9992	21.1442	20.3868	19.7234	19.1509	18.6664	18.2675	17.9519	17.718	17.5647	17.4912	17.4972	17.5828	17.7487	17.9957	18.325	18.7381	19.2364	19.8213	20.494	21.2547	22.1028	23.036	24.0503	25.1388	26.292	27.4972	28.7391	30	
40	38.2159	36.4519	34.7267	33.0572	31.4574	29.9384	28.5083	27.1724	25.9339	24.794	23.7525	22.8084	21.9598	21.2046	20.5403	19.9648	19.4757	19.0712	18.7494	18.509	18.349	18.2685	18.2672	18.345	18.5021	18.7389	19.0559	19.4539	19.9334	20.4948	21.138	21.8622	22.6656	23.545	24.4956	25.5105	26.5806	27.6948	28.8395	30	
40	38.3184	36.6537	35.0219	33.4376	31.9132	30.4591	29.0834	27.7917	26.5881	25.4748	24.4528	23.5221	22.682	21.9313	21.2686	20.6922	20.2005	19.7921	19.4656	19.2197	19.0537	18.9667	18.9582	19.0279	19.1758	19.4018	19.706	20.0883	20.5486	21.0865	21.7011	22.3905	23.1524	23.9828	24.8766	25.827	26.8254	27.8617	28.9241	30	
40	38.4041	36.8227	35.2697	33.7579	32.2986	30.9015	29.5743	28.323	27.152	26.0644	25.0618	24.1453	23.3149	22.5702	21.9105	21.3348	20.8421	20.4311	20.101	19.8507	19.6793	19.5863	19.5709	19.6328	19.7714	19.9866	20.2778	20.6446	21.0863	21.6016	22.1892	22.8465	23.5706	24.3572	25.201	26.0954	27.0323	28.0024	28.9954	30	
40	38.4752	36.9632	35.4762	34.0257	32.622	31.274	29.9893	28.774	27.6326	26.5688	25.5849	24.6823	23.862	23.1241	22.4684	21.8945	21.4018	20.9894	20.6566	20.4027	20.2268	20.1282	20.1064	20.1608	20.2906	20.4953	20.7741	21.1262	21.5502	22.0446	22.6074	23.2358	23.9263	24.6745	25.475	26.3213	27.2059	28.1202	29.0549	30	
40	38.5337	37.0787	35.6463	34.2467	32.8896	31.5833	30.335	29.1509	28.0358	26.9933	26.0265	25.1372	24.3267	23.5957	22.9446	22.3731	21.8811	21.4681	21.1335	20.8766	20.6968	20.5935	20.5658	20.6132	20.7349	20.9299	21.1972	21.5357	21.9437	22.4193	22.9601	23.563	24.2243	24.9394	25.7031	26.5089	27.3498	28.2177	29.1042	30	
40	38.5807	37.1718	35.7834	34.4253	33.1063	31.8344	30.6166	29.4589	28.3661	27.3423	26.3906	25.5133	24.7119	23.9876	23.341	22.7723	22.2816	21.8684	21.5325	21.2734	21.0904	20.983	20.9502	20.9915	21.1058	21.2922	21.5493	21.8757	22.2696	22.7288	23.2506	23.8317	24.4684	25.1559	25.889	26.6615	27.4666	28.2968	29.1441	30	
40	38.6172	37.2442	35.8904	34.5648	33.276	32.0315	30.8382	29.7019	28.6275	27.6193	26.6804	25.8133	25.02	24.3018	23.6595	23.0936	22.6043	22.1915	21.8549	21.5941	21.4086	21.2977	21.2607	21.2967	21.4048	21.5837	21.832	22.1482	22.5302	22.9757	23.4817	24.0451	24.6616	25.3269	26.0354	26.7814	27.5582	28.3588	29.1753	30	
40	38.6441	37.2974	35.9691	34.6677	33.4013	32.1775	31.0027	29.8829	28.8229	27.8269	26.8982	26.0396	25.2531	24.5401	23.9017	23.3384	22.8506	22.4384	22.1015	21.8395	21.6521	21.5386	21.4981	21.5299	21.6329	21.8057	22.047	22.3549	22.7274	23.162	23.6557	24.2051	24.8062	25.4544	26.1445	26.8706	27.6263	28.4047	29.1984	30	
40	38.6617	37.3323	36.0208	34.7354	33.4842	32.2744	31.1124	30.004	28.9542	27.9671	27.0461	26.1939	25.4126	24.7038	24.0686	23.5077	23.0214	22.6099	22.273	22.0105	21.8218	21.7064	21.6634	21.692	21.7911	21.9593	22.1952	22.497	22.8625	23.2891	23.774	24.3135	24.9038	25.5402	26.2175	26.9301	27.6716	28.4352	29.2138	30	
40	38.6703	37.3494	36.0463	34.7691	33.5257	32.3233	31.1684	30.0667	29.0229	28.0413	27.1252	26.2773	25.4997	24.794	24.1613	23.6023	23.1175	22.7068	22.3703	22.1076	21.9182	21.8017	21.7571	21.7836	21.8801	22.0453	22.2777	22.5754	22.9364	23.3581	23.8375	24.3712	24.9552	25.585	26.2554	26.9607	27.6947	28.4507	29.2216	30	
40	38.6699	37.3489	36.0458	34.7689	33.5262	32.3249	31.1714	30.0713	29.0295	28.0499	27.136	26.2903	25.5149	24.8112	24.1803	23.6229	23.1393	22.7296	22.3937	22.1313	21.9419	21.825	21.7797	21.8052	21.9004	22.0641	22.2948	22.5907	22.9497	23.3693	23.8468	24.3786	24.9609	25.5892	26.2583	26.9626	27.6959	28.4514	29.2219	30	
40	38.6606	37.3306	36.019	34.7346	33.4853	32.2786	31.1208	30.0176	28.9737	27.993	27.0787	26.2332	25.4584	24.7556	24.1258	23.5696	23.0872	22.6786	22.3437	22.082	21.8932	21.7767	21.7316	21.7572	21.8523	22.016	22.2467	22.5427	22.9022	23.3228	23.8017	24.3355	24.9206	25.5525	26.226	26.9356	27.6749	28.437	29.2146	30	
40	38.6419	37.2937	35.965	34.665	33.402	32.1834	31.0158	29.9047	28.8548	27.8697	26.9525	26.1053	25.3298	24.627	23.9979	23.4426	22.9613	22.554	22.2204	21.96	21.7723	21.6569	21.6128	21.6395	21.7358	21.9008	22.1332	22.4314	22.7938	23.218	23.7015	24.2413	24.8336	25.4741	26.1578	26.8789	27.631	28.4071	29.1994	30	
40	38.6133	37.2373	35.8825	34.5585	33.2741	32.0372	30.8542	29.7306	28.671	27.6787	26.7563	25.9057	25.1284	24.425	23.796	23.2415	22.7615	22.3557	22.0238	21.7651	21.5793	21.4656	21.4234	21.4521	21.5507	21.7183	21.9538	22.2561	22.6234	23.0539	23.5452	24.0945	24.6983	25.3525	26.052	26.7912	27.5633	28.3609	29.176	30	
40	38.5739	37.1598	35.7691	34.4123	33.099	31.837	30.6331	29.4927	28.4199	27.4176	26.4882	25.6331	24.853	24.1485	23.5195	22.966	22.4876	22.0837	21.7539	21.4975	21.314	21.2028	21.1633	21.1947	21.2965	21.4678	21.7079	22.0156	22.3898	22.8289	23.3309	23.8932	24.5128	25.1855	25.9067	26.6705	27.47	28.2973	29.1438	30	
40	38.5227	37.0589	35.6217	34.2228	32.8723	31.5787	30.3487	29.1872	28.0981	27.0838	26.1459	25.2853	24.5021	23.7964	23.1677	22.6155	22.139	21.7376	21.4105	21.1571	20.9766	20.8685	20.8321	20.867	20.9727	21.1486	21.3942	21.7088	22.0914	22.5411	23.0562	23.6348	24.274	24.9702	25.7189	26.5141	27.3488	28.2146	29.1018	30	
40	38.4578	36.9315	35.4361	33.9849	32.5889	31.2569	29.9956	28.8094	27.7015	26.6736	25.7264	24.86	24.0739	23.3674	22.7395	22.1892	21.7154	21.3172	20.9935	20.7436	20.5668	20.4623	20.4297	20.4686	20.5787	20.7598	21.0116	21.3338	21.7261	22.1878	22.7182	23.3156	23.9781	24.7024	25.4844	26.3182	27.1966	28.1104	29.0488	30	
40	38.377	36.7732	35.2063	33.6917	32.2414	30.8645	29.5672	28.3534	27.225	26.1827	25.2261	24.3544	23.5661	22.8597	22.2336	21.6863	21.2163	20.8222	20.5028	20.2572	20.0846	19.9842	19.9558	19.999	20.1138	20.3002	20.5585	20.8887	21.2912	21.766	22.313	22.9315	23.6203	24.3771	25.1981	26.0779	27.009	27.9814	28.9831	30	
40	38.277	36.5779	34.9243	33.3341	31.8205	30.3925	29.0555	27.8119	26.6624	25.606	24.6411	23.7653	22.9763	22.2717	21.649	21.1062	20.6412	20.2524	19.9384	19.6979	19.5301	19.4343	19.4103	19.4579	19.5773	19.7689	20.0334	20.3714	20.784	21.272	21.8363	22.4772	23.1947	23.9875	24.8529	25.7862	26.7799	27.8233	28.9023	30	
40	38.153	36.337	34.579	32.9	31.314	29.8295	28.4502	27.1765	26.0067	24.938	23.9668	23.0895	22.3023	21.6017	20.9846	20.4482	19.99	19.608	19.3004	19.0659	18.9035	18.8127	18.7931	18.845	18.9686	19.1648	19.4347	19.7796	20.2014	20.7018	21.2829	21.9464	22.6936	23.5252	24.4399	25.4342	26.5012	27.6296	28.8028	30	
40	37.9981	36.0381	34.1548	32.3727	30.7061	29.1614	27.7393	26.437	25.2499	24.1724	23.1988	22.3235	21.5416	20.8483	20.2396	19.7121	19.2627	18.8891	18.5892	18.3617	18.2054	18.1198	18.1046	18.1602	18.2873	18.487	18.7609	19.1111	19.5401	20.051	20.6471	21.3317	22.1084	22.9798	23.9472	25.0095	26.1612	27.3909	28.6794	30	
40	37.8013	35.6624	33.6294	31.7299	29.9764	28.3708	26.9087	25.5825	24.3835	23.3029	22.3323	21.4643	20.6922	20.0102	19.4134	18.8977	18.4596	18.0964	17.8059	17.5863	17.4367	17.3564	17.3454	17.4041	17.5334	17.7349	18.0108	18.3637	18.7971	19.3151	19.9226	20.6251	21.4284	22.3383	23.3598	24.4955	25.7433	27.0933	28.5239	30	
40	37.5446	35.181	32.9704	30.941	29.0988	27.4366	25.942	24.6007	23.3987	22.3233	21.3634	20.5092	19.7527	19.0869	18.5062	18.0058	17.5818	17.2311	16.9514	16.741	16.5986	16.5238	16.5165	16.5773	16.7073	16.9086	17.1836	17.5358	17.9694	18.4897	19.1033	19.8177	20.6417	21.5852	22.6581	23.8693	25.2232	26.715	28.3228	30	
40	37.1961	34.5467	32.13	29.9652	28.041	26.3349	24.8221	23.4796	22.2873	21.2284	20.2886	19.4565	18.7224	18.0786	17.5187	17.0374	16.6305	16.2949	16.0278	15.8276	15.6931	15.6237	15.6195	15.6811	15.8101	16.0085	16.2793	16.6264	17.0549	17.5711	18.1831	18.9006	19.7357	20.7026	21.8182	23.1003	24.5653	26.2209	28.0522	30	
40	36.6931	33.6796	31.0378	28.7486	26.7652	25.0399	23.532	22.2083	21.0427	20.0142	19.1062	18.3057	17.602	16.9865	16.4525	15.9945	15.6081	15.2899	15.0374	14.8486	14.7224	14.6584	14.6565	14.7177	14.8435	15.0361	15.2987	15.6357	16.0527	16.5568	17.1573	17.866	18.6977	19.6715	20.8118	22.1485	23.7167	25.551	27.6652	30	
40	35.8966	32.4407	29.5932	27.2264	25.2312	23.5276	22.0576	20.7791	19.6609	18.6794	17.8165	17.0581	16.3932	15.813	15.3104	14.8801	14.5175	14.2194	13.9832	13.807	13.6897	13.6308	13.6306	13.6898	13.81	13.9935	14.2437	14.5651	14.9634	15.4462	16.0235	16.7082	17.5175	18.4741	19.609	20.9651	22.6021	24.6011	27.0575	30	
40	34.4526	30.5933	27.6679	25.3324	23.4058	21.7816	20.3916	19.1895	18.1423	17.226	16.4222	15.7171	15.0997	14.5617	14.0962	13.6978	13.3626	13.087	12.8689	12.7064	12.5985	12.5447	12.5452	12.6009	12.7132	12.8844	13.1177	13.4175	13.7894	14.2411	14.7823	15.426	16.19	17.0982	18.185	19.5009	21.1255	23.1939	25.9637	30	
40	31.3206	27.8121	25.1526	23.0294	21.278	19.8015	18.5379	17.445	16.493	15.66	14.9293	14.2882	13.727	13.2379	12.8147	12.4526	12.1478	11.8973	11.699	11.5513	11.4532	11.4043	11.4048	11.4553	11.5574	11.713	11.9252	12.1977	12.5359	12.9464	13.4384	14.0237	14.7181	15.5438	16.5318	17.7281	19.205	21.0854	23.6034	30	
40	17.0269	12.7245	10.0978	8.34543	7.10031	6.17441	5.46226	4.90033	4.44822	4.07906	3.77435	3.521	3.30953	3.13297	2.98612	2.86508	2.76696	2.68959	2.63145	2.59153	2.56925	2.56448	2.57753	2.60913	2.66055	2.73367	2.83115	2.95665	3.11518	3.31367	3.56175	3.87315	4.26786	4.77607	5.44526	6.35443	7.64449	9.5906	12.7937	30	
40	27.243	20.3592	16.1565	13.3527	11.3605	9.87906	8.73961	7.84053	7.11715	6.5265	6.03896	5.6336	5.29525	5.01275	4.77779	4.58413	4.42713	4.30335	4.21033	4.14644	4.11079	4.10317	4.12404	4.1746	4.25688	4.37388	4.52985	4.73064	4.98429	5.30187	5.6988	6.19704	6.82858	7.64171	8.71242	10.1671	12.2312	15.345	20.47	30	
40	31.5861	25.3127	20.8163	17.5483	15.1099	13.2417	11.7766	10.605	9.65337	8.87081	8.2214	7.67919	7.22512	6.845	6.52815	6.26653	6.05409	5.88634	5.76006	5.67312	5.62432	5.61337	5.64087	5.70837	5.81849	5.97512	6.18371	6.45177	6.78948	7.21071	7.73455	8.38762	9.20771	10.2498	11.5956	13.3703	15.7682	19.0881	23.7412	30	
40	33.7886	28.4891	24.2478	20.9143	18.2892	16.2013	14.52	13.1496	12.0205	11.082	10.2966	9.63664	9.08105	8.61396	8.22328	7.89975	7.63636	7.42786	7.27047	7.16165	7.09999	7.08511	7.11769	7.19951	7.33359	7.52438	7.77812	8.10326	8.51113	9.01694	9.64108	10.4112	11.3649	12.554	14.05	15.9503	18.3832	21.4979	25.4068	30	
40	35.0791	30.6075	26.7714	23.5719	20.9314	18.7543	16.9525	15.4528	14.197	13.14	12.2465	11.4897	10.8485	10.3065	9.85126	9.47284	9.16374	8.91827	8.7323	8.60303	8.52888	8.50939	8.54527	8.6384	8.79197	9.01071	9.30114	9.672	10.1349	10.7048	11.4017	12.2511	13.2867	14.5514	16.0999	17.9978	20.3165	23.1136	26.3881	30	
40	35.9202	32.0904	28.6583	25.6704	23.1101	20.932	19.083	17.5121	16.1749	15.0343	14.0599	13.2271	12.5166	11.9124	11.4024	10.9766	10.6275	10.3492	10.1374	9.9893	9.9031	9.87832	9.9156	10.0168	10.1852	10.4253	10.7437	11.1488	11.6515	12.2658	13.0096	13.905	14.9792	16.2651	17.8005	19.6246	21.7711	24.252	27.032	30	
40	36.5113	33.1756	30.1012	27.3414	24.9066	22.7807	20.9353	19.3377	17.9562	16.7624	15.7315	14.8425	14.0782	13.4243	12.8692	12.4037	12.0204	11.7135	11.4789	11.3136	11.2159	11.1852	11.222	11.3281	11.5066	11.7618	12.0996	12.5279	13.0564	13.6975	14.466	15.3799	16.46	17.7295	19.2122	20.929	22.8914	25.0913	27.488	30	
40	36.9493	33.9994	31.2294	28.6875	26.3941	24.3491	22.5397	20.947	19.5499	18.3277	17.2611	16.3332	15.5294	14.8373	14.2465	13.7487	13.3368	13.0057	12.7511	12.5704	12.4617	12.4245	12.4591	12.5671	12.7513	13.0155	13.3651	13.8067	14.3488	15.0016	15.777	16.6887	17.7515	18.9806	20.3897	21.9878	23.7743	25.7336	27.8288	30	
40	37.2866	34.6435	32.1293	29.785	27.6332	25.6817	23.9274	22.3608	20.9688	19.7372	18.6519	17.6998	16.8689	16.1489	15.531	15.0076	14.5726	14.2212	13.9496	13.7551	13.6361	13.5919	13.6227	13.73	13.916	14.1839	14.5384	14.985	15.5306	16.1832	16.9518	17.8463	18.8766	20.0518	21.3784	22.8581	24.4845	26.2401	28.0934	30	
40	37.5537	35.1587	32.8594	30.69	28.6722	26.8171	25.1275	23.6	22.2273	21.0005	19.9097	18.9451	18.0975	17.3585	16.7208	16.178	15.7248	15.3569	15.0709	14.8643	14.7356	14.6842	14.71	14.8142	14.9986	15.2659	15.6196	16.0644	16.6054	17.2487	18.0007	18.868	19.8567	20.9714	22.214	23.5817	25.0656	26.6487	28.3048	30	
40	37.7696	35.5779	33.4598	31.4433	29.5483	27.7872	26.1656	24.6842	23.34	22.1278	21.0413	20.0734	19.2175	18.4669	17.8158	17.2589	16.7918	16.4107	16.1127	15.8956	15.758	15.6991	15.719	15.8182	15.9983	16.2613	16.6099	17.0475	17.578	18.2055	18.9343	19.7684	20.7109	21.7633	22.9244	24.1891	25.5476	26.9842	28.4772	30	
40	37.9467	35.9236	33.9586	32.075	30.2906	28.6176	27.0635	25.6312	24.3206	23.1295	22.0541	21.0899	20.2321	19.4758	18.8165	18.25	17.7726	17.3814	17.0736	16.8475	16.7017	16.6354	16.6485	16.7414	16.9151	17.171	17.5111	17.9378	18.4534	19.0609	19.7626	20.5604	21.4553	22.4466	23.5311	24.7027	25.9514	27.2632	28.6199	30	
40	38.0935	36.2113	34.3761	32.6075	30.9213	29.3294	27.8395	26.4564	25.1818	24.0154	22.9557	22	21.1452	20.3877	19.7244	19.1519	18.6675	18.2685	17.9529	17.7191	17.5658	17.4923	17.4982	17.5839	17.7497	17.9966	18.3259	18.7389	19.2372	19.8221	20.4947	21.2553	22.1033	23.0365	24.0507	25.1391	26.2922	27.4974	28.7392	30	
40	38.216	36.4521	34.727	33.0576	31.4579	29.9389	28.5089	27.1731	25.9346	24.7948	23.7534	22.8093	21.9608	21.2056	20.5414	19.9658	19.4768	19.0723	18.7505	18.5102	18.3501	18.2696	18.2683	18.3461	18.5031	18.7399	19.0569	19.4548	19.9343	20.4956	21.1388	21.8629	22.6662	23.5455	24.496	25.5108	26.5809	27.6949	28.8396	30	
40	38.3185	36.6539	35.0222	33.4379	31.9136	30.4597	29.084	27.7924	26.5889	25.4757	24.4537	23.5231	22.6831	21.9324	21.2697	20.6933	20.2016	19.7933	19.4667	19.2209	19.0549	18.9678	18.9593	19.0291	19.1769	19.4029	19.707	20.0892	20.5495	21.0874	21.7018	22.3912	23.153	23.9833	24.877	25.8273	26.8257	27.8618	28.9242	30	
40	38.4042	36.8229	35.27	33.7583	32.2991	30.9021	29.5749	28.3237	27.1528	26.0652	25.0628	24.1463	23.3159	22.5713	21.9116	21.336	20.8432	20.4323	20.1022	19.8519	19.6806	19.5875	19.5721	19.6339	19.7726	19.9877	20.2789	20.6456	21.0872	21.6025	22.19	22.8472	23.5712	24.3578	25.2015	26.0958	27.0325	28.0026	28.9955	30	
40	38.4753	36.9634	35.4765	34.0261	32.6225	31.2746	29.99	28.7747	27.6335	26.5697	25.5858	24.6834	23.8631	23.1252	22.4696	21.8957	21.403	20.9907	20.6579	20.4039	20.228	20.1295	20.1077	20.162	20.2918	20.4964	20.7752	21.1272	21.5511	22.0455	22.6082	23.2365	23.9269	24.675	25.4754	26.3217	27.2062	28.1204	29.055	30	
40	38.5338	37.0789	35.6466	34.2471	32.8901	31.5839	30.3357	29.1517	28.0366	26.9943	26.0275	25.1383	24.3278	23.5969	22.9458	22.3744	21.8824	21.4694	21.1348	20.8779	20.6981	20.5947	20.5671	20.6145	20.7361	20.9311	21.1984	21.5367	21.9447	22.4202	22.9609	23.5637	24.2249	24.94	25.7036	26.5093	27.3501	28.218	29.1043	30	
40	38.5808	37.172	35.7837	34.4258	33.1069	31.8351	30.6173	29.4597	28.367	27.3433	26.3916	25.5143	24.713	23.9888	23.3423	22.7736	22.2829	21.8698	21.5339	21.2748	21.0918	20.9843	20.9516	20.9928	21.1071	21.2934	21.5504	21.8768	22.2706	22.7297	23.2514	23.8325	24.4691	25.1565	25.8895	26.6619	27.4669	28.297	29.1442	30	
40	38.6173	37.2444	35.8907	34.5653	33.2765	32.0322	30.8389	29.7027	28.6284	27.6202	26.6814	25.8144	25.0212	24.303	23.6608	23.095	22.6057	22.1929	21.8563	21.5955	21.41	21.2991	21.262	21.298	21.406	21.5849	21.8332	22.1493	22.5312	22.9766	23.4826	24.0459	24.6623	25.3275	26.036	26.7818	27.5586	28.359	29.1754	30	
40	38.6442	37.2976	35.9694	34.6681	33.4019	32.1781	31.0035	29.8837	28.8238	27.8279	26.8993	26.0408	25.2543	24.5413	23.903	23.3397	22.852	22.4397	22.1028	21.8409	21.6535	21.54	21.4995	21.5313	21.6341	21.8069	22.0481	22.356	22.7284	23.1629	23.6566	24.2059	24.807	25.4551	26.145	26.871	27.6266	28.4049	29.1986	30	
40	38.6618	37.3325	36.0211	34.7359	33.4847	32.275	31.1131	30.0049	28.9552	27.9681	27.0472	26.1951	25.4138	24.7051	24.0699	23.509	23.0228	22.6113	22.2744	22.0119	21.8232	21.7078	21.6648	21.6933	21.7924	21.9606	22.1964	22.4981	22.8635	23.2901	23.7749	24.3143	24.9045	25.5408	26.2181	26.9305	27.6719	28.4354	29.2139	30	
40	38.6704	37.3497	36.0466	34.7695	33.5262	32.324	31.1692	30.0675	29.0238	28.0423	27.1263	26.2784	25.5009	24.7953	24.1626	23.6037	23.1188	22.7082	22.3717	22.109	21.9197	21.8031	21.7585	21.785	21.8814	22.0466	22.2789	22.5766	22.9375	23.3591	23.8384	24.372	24.956	25.5856	26.2559	26.9611	27.695	28.4509	29.2217	30	
40	38.6701	37.3491	36.0461	34.7693	33.5267	32.3255	31.1721	30.0721	29.0304	28.051	27.1371	26.2915	25.5161	24.8125	24.1816	23.6242	23.1407	22.731	22.3951	22.1327	21.9434	21.8264	21.7811	21.8066	21.9018	22.0654	22.296	22.5918	22.9507	23.3703	23.8477	24.3794	24.9616	25.5898	26.2588	26.9631	27.6962	28.4516	29.222	30	
40	38.6607	37.3308	36.0193	34.735	33.4859	32.2792	31.1216	30.0185	28.9746	27.994	27.0798	26.2343	25.4596	24.7569	24.1272	23.571	23.0886	22.68	22.3451	22.0835	21.8947	21.7781	21.733	21.7585	21.8537	22.0173	22.2479	22.5439	22.9033	23.3238	23.8026	24.3364	24.9214	25.5531	26.2266	26.936	27.6752	28.4372	29.2147	30	
40	38.642	37.2939	35.9654	34.6655	33.4025	32.184	31.0165	29.9055	28.8557	27.8707	26.9536	26.1064	25.331	24.6283	23.9992	23.4439	22.9627	22.5554	22.2218	21.9614	21.7737	21.6583	21.6142	21.6408	21.7371	21.9021	22.1344	22.4326	22.7948	23.219	23.7025	24.2421	24.8343	25.4747	26.1583	26.8793	27.6314	28.4073	29.1995	30	
40	38.6134	37.2375	35.8828	34.5589	33.2747	32.0378	30.8549	29.7315	28.6719	27.6797	26.7573	25.9069	25.1296	24.4262	23.7973	23.2429	22.7629	22.3571	22.0252	21.7665	21.5807	21.467	21.4248	21.4534	21.552	21.7195	21.9551	22.2572	22.6245	23.0549	23.5461	24.0953	24.6991	25.3531	26.0526	26.7916	27.5636	28.3611	29.1761	30	
40	38.5741	37.16	35.7694	34.4128	33.0995	31.8376	30.6339	29.4935	28.4208	27.4186	26.4893	25.6342	24.8542	24.1497	23.5208	22.9673	22.4889	22.0851	21.7553	21.4989	21.3154	21.2042	21.1646	21.196	21.2978	21.469	21.7091	22.0168	22.3909	22.8299	23.3318	23.8941	24.5135	25.1862	25.9073	26.6709	27.4703	28.2975	29.1439	30	
40	38.5228	37.0591	35.6221	34.2232	32.8729	31.5794	30.3494	29.188	28.099	27.0848	26.147	25.2864	24.5033	23.7976	23.169	22.6168	22.1403	21.7389	21.4119	21.1584	20.9779	20.8698	20.8334	20.8683	20.974	21.1498	21.3954	21.7099	22.0925	22.5421	23.0571	23.6356	24.2747	24.9708	25.7194	26.5145	27.3491	28.2148	29.1019	30	
40	38.4579	36.9317	35.4364	33.9853	32.5894	31.2575	29.9963	28.8102	27.7024	26.6746	25.7274	24.8611	24.075	23.3686	22.7407	22.1904	21.7167	21.3185	20.9949	20.745	20.5681	20.4636	20.431	20.4699	20.58	20.761	21.0127	21.3349	21.7271	22.1888	22.7191	23.3164	23.9788	24.703	25.4849	26.3187	27.1969	28.1106	29.0489	30	
40	38.3771	36.7734	35.2066	33.6921	32.2419	30.8651	29.5679	28.3542	27.2259	26.1836	25.2271	24.3554	23.5672	22.8608	22.2348	21.6876	21.2175	20.8235	20.5041	20.2585	20.0859	19.9855	19.9571	20.0003	20.115	20.3014	20.5596	20.8898	21.2922	21.7669	22.3139	22.9323	23.621	24.3777	25.1986	26.0783	27.0093	27.9816	28.9832	30	
40	38.2771	36.5781	34.9246	33.3345	31.821	30.3931	29.0561	27.8127	26.6632	25.6069	24.642	23.7663	22.9774	22.2728	21.6502	21.1074	20.6425	20.2537	19.9396	19.6992	19.5313	19.4356	19.4115	19.4591	19.5785	19.7701	20.0345	20.3725	20.785	21.2729	21.8371	22.478	23.1953	23.988	24.8534	25.7866	26.7802	27.8235	28.9024	30	
40	38.1531	36.3372	34.5793	32.9003	31.3145	29.8301	28.4508	27.1772	26.0075	24.9389	23.9678	23.0905	22.3033	21.6028	20.9858	20.4494	19.9912	19.6092	19.3016	19.0671	18.9047	18.8139	18.7943	18.8461	18.9697	19.1659	19.4357	19.7806	20.2024	20.7027	21.2837	21.9471	22.6943	23.5258	24.4404	25.4346	26.5015	27.6297	28.8029	30	
40	37.9982	36.0383	34.1551	32.3731	30.7066	29.162	27.74	26.4377	25.2507	24.1732	23.1997	22.3245	21.5426	20.8493	20.2407	19.7132	19.2639	18.8903	18.5904	18.3629	18.2066	18.121	18.1058	18.1614	18.2884	18.488	18.7619	19.112	19.5411	20.0519	20.6478	21.3324	22.109	22.9803	23.9477	25.0099	26.1615	27.391	28.6795	30	
40	37.8014	35.6626	33.6296	31.7302	29.9768	28.3713	26.9092	25.5831	24.3842	23.3037	22.3332	21.4652	20.6932	20.0112	19.4145	18.8988	18.4608	18.0975	17.807	17.5875	17.4378	17.3575	17.3465	17.4052	17.5345	17.7359	18.0117	18.3646	18.7979	19.3159	19.9234	20.6258	21.429	22.3388	23.3602	24.4958	25.7436	27.0934	28.5239	30	
40	37.5447	35.1812	32.9706	30.9414	29.0992	27.4371	25.9426	24.6013	23.3994	22.3241	21.3642	20.5101	19.7536	19.0879	18.5072	18.0068	17.5828	17.2322	16.9525	16.7421	16.5997	16.5249	16.5175	16.5783	16.7083	16.9096	17.1845	17.5366	17.9702	18.4905	19.104	19.8183	20.6423	21.5857	22.6585	23.8696	25.2235	26.7152	28.3229	30	
40	37.1962	34.5468	32.1302	29.9655	28.0414	26.3354	24.8227	23.4802	22.288	21.2291	20.2894	19.4573	18.7233	18.0796	17.5196	17.0383	16.6315	16.2959	16.0288	15.8286	15.6941	15.6247	15.6204	15.6821	15.8111	16.0094	16.2802	16.6273	17.0557	17.5719	18.1838	18.9012	19.7362	20.7031	21.8186	23.1006	24.5655	26.221	28.0523	30	
40	36.6931	33.6797	31.0381	28.7489	26.7656	25.0404	23.5325	22.2089	21.0433	20.0148	19.107	18.3065	17.6028	16.9874	16.4534	15.9954	15.6091	15.2909	15.0383	14.8496	14.7234	14.6593	14.6575	14.7186	14.8444	15.0369	15.2995	15.6365	16.0534	16.5575	17.158	17.8665	18.6982	19.672	20.8122	22.1488	23.7169	25.5511	27.6652	30	
40	35.8966	32.4408	29.5934	27.2266	25.2316	23.528	22.058	20.7796	19.6614	18.68	17.8171	17.0588	16.394	15.8138	15.3113	14.8809	14.5184	14.2203	13.9841	13.8078	13.6906	13.6317	13.6315	13.6906	13.8108	13.9943	14.2445	14.5658	14.964	15.4468	16.0241	16.7088	17.5179	18.4745	19.6093	20.9654	22.6023	24.6013	27.0576	30	
40	34.4527	30.5934	27.6681	25.3326	23.4061	21.782	20.3921	19.19	18.1429	17.2265	16.4228	15.7177	15.1004	14.5624	14.0969	13.6986	13.3633	13.0879	12.8697	12.7072	12.5993	12.5455	12.546	12.6017	12.7139	12.8851	13.1184	13.4181	13.7901	14.2417	14.7828	15.4265	16.1904	17.0986	18.1853	19.5012	21.1257	23.1941	25.9638	30	
40	31.3206	27.8122	25.1528	23.0296	21.2783	19.8018	18.5383	17.4455	16.4935	15.6605	14.9298	14.2888	13.7277	13.2386	12.8154	12.4533	12.1485	11.898	11.6997	11.552	11.4539	11.405	11.4055	11.4561	11.5581	11.7137	11.9258	12.1983	12.5364	12.947	13.4389	14.0241	14.7185	15.5442	16.5321	17.7283	19.2052	21.0855	23.6034	30	
