0.000000 	 1.000000 	 1.000000 	 0 
0.010000 	 0.990050 	 0.990050 	 8.31943e-013 
0.020000 	 0.980199 	 0.980199 	 1.6473e-012 
0.030000 	 0.970446 	 0.970446 	 2.44635e-012 
0.040000 	 0.960789 	 0.960789 	 3.22939e-012 
0.050000 	 0.951229 	 0.951229 	 3.99659e-012 
0.060000 	 0.941765 	 0.941765 	 4.74821e-012 
0.070000 	 0.932394 	 0.932394 	 5.48444e-012 
0.080000 	 0.923116 	 0.923116 	 6.20557e-012 
0.090000 	 0.913931 	 0.913931 	 6.9118e-012 
0.100000 	 0.904837 	 0.904837 	 7.60342e-012 
0.110000 	 0.895834 	 0.895834 	 8.28057e-012 
0.120000 	 0.886920 	 0.886920 	 8.94347e-012 
0.130000 	 0.878095 	 0.878095 	 9.59231e-012 
0.140000 	 0.869358 	 0.869358 	 1.02274e-011 
0.150000 	 0.860708 	 0.860708 	 1.08489e-011 
0.160000 	 0.852144 	 0.852144 	 1.1457e-011 
0.170000 	 0.843665 	 0.843665 	 1.20519e-011 
0.180000 	 0.835270 	 0.835270 	 1.26339e-011 
0.190000 	 0.826959 	 0.826959 	 1.32031e-011 
0.200000 	 0.818731 	 0.818731 	 1.37597e-011 
0.210000 	 0.810584 	 0.810584 	 1.4304e-011 
0.220000 	 0.802519 	 0.802519 	 1.4836e-011 
0.230000 	 0.794534 	 0.794534 	 1.53561e-011 
0.240000 	 0.786628 	 0.786628 	 1.58643e-011 
0.250000 	 0.778801 	 0.778801 	 1.63608e-011 
0.260000 	 0.771052 	 0.771052 	 1.68459e-011 
0.270000 	 0.763379 	 0.763379 	 1.73198e-011 
0.280000 	 0.755784 	 0.755784 	 1.77826e-011 
0.290000 	 0.748264 	 0.748264 	 1.82343e-011 
0.300000 	 0.740818 	 0.740818 	 1.86754e-011 
0.310000 	 0.733447 	 0.733447 	 1.91059e-011 
0.320000 	 0.726149 	 0.726149 	 1.9526e-011 
0.330000 	 0.718924 	 0.718924 	 1.99358e-011 
0.340000 	 0.711770 	 0.711770 	 2.03356e-011 
0.350000 	 0.704688 	 0.704688 	 2.07255e-011 
0.360000 	 0.697676 	 0.697676 	 2.11054e-011 
0.370000 	 0.690734 	 0.690734 	 2.14758e-011 
0.380000 	 0.683861 	 0.683861 	 2.18368e-011 
0.390000 	 0.677057 	 0.677057 	 2.21885e-011 
0.400000 	 0.670320 	 0.670320 	 2.2531e-011 
0.410000 	 0.663650 	 0.663650 	 2.28645e-011 
0.420000 	 0.657047 	 0.657047 	 2.31891e-011 
0.430000 	 0.650509 	 0.650509 	 2.3505e-011 
0.440000 	 0.644036 	 0.644036 	 2.38122e-011 
0.450000 	 0.637628 	 0.637628 	 2.41111e-011 
0.460000 	 0.631284 	 0.631284 	 2.44017e-011 
0.470000 	 0.625002 	 0.625002 	 2.46841e-011 
0.480000 	 0.618783 	 0.618783 	 2.49585e-011 
0.490000 	 0.612626 	 0.612626 	 2.52249e-011 
0.500000 	 0.606531 	 0.606531 	 2.54835e-011 
0.510000 	 0.600496 	 0.600496 	 2.57346e-011 
0.520000 	 0.594521 	 0.594521 	 2.59782e-011 
0.530000 	 0.588605 	 0.588605 	 2.62143e-011 
0.540000 	 0.582748 	 0.582748 	 2.64431e-011 
0.550000 	 0.576950 	 0.576950 	 2.66648e-011 
0.560000 	 0.571209 	 0.571209 	 2.68794e-011 
0.570000 	 0.565525 	 0.565525 	 2.70871e-011 
0.580000 	 0.559898 	 0.559898 	 2.7288e-011 
0.590000 	 0.554327 	 0.554327 	 2.74823e-011 
0.600000 	 0.548812 	 0.548812 	 2.767e-011 
0.610000 	 0.543351 	 0.543351 	 2.78513e-011 
0.620000 	 0.537944 	 0.537944 	 2.80262e-011 
0.630000 	 0.532592 	 0.532592 	 2.81949e-011 
0.640000 	 0.527292 	 0.527292 	 2.83574e-011 
0.650000 	 0.522046 	 0.522046 	 2.8514e-011 
0.660000 	 0.516851 	 0.516851 	 2.86646e-011 
0.670000 	 0.511709 	 0.511709 	 2.88094e-011 
0.680000 	 0.506617 	 0.506617 	 2.89485e-011 
0.690000 	 0.501576 	 0.501576 	 2.90819e-011 
0.700000 	 0.496585 	 0.496585 	 2.92098e-011 
0.710000 	 0.491644 	 0.491644 	 2.93323e-011 
0.720000 	 0.486752 	 0.486752 	 2.94495e-011 
0.730000 	 0.481909 	 0.481909 	 2.95614e-011 
0.740000 	 0.477114 	 0.477114 	 2.96682e-011 
0.750000 	 0.472367 	 0.472367 	 2.97699e-011 
0.760000 	 0.467666 	 0.467666 	 2.98667e-011 
0.770000 	 0.463013 	 0.463013 	 2.99587e-011 
0.780000 	 0.458406 	 0.458406 	 3.00458e-011 
0.790000 	 0.453845 	 0.453845 	 3.01282e-011 
0.800000 	 0.449329 	 0.449329 	 3.0206e-011 
0.810000 	 0.444858 	 0.444858 	 3.02793e-011 
0.820000 	 0.440432 	 0.440432 	 3.03481e-011 
0.830000 	 0.436049 	 0.436049 	 3.04125e-011 
0.840000 	 0.431711 	 0.431711 	 3.04726e-011 
0.850000 	 0.427415 	 0.427415 	 3.05286e-011 
0.860000 	 0.423162 	 0.423162 	 3.05804e-011 
0.870000 	 0.418952 	 0.418952 	 3.06281e-011 
0.880000 	 0.414783 	 0.414783 	 3.06719e-011 
0.890000 	 0.410656 	 0.410656 	 3.07118e-011 
0.900000 	 0.406570 	 0.406570 	 3.07479e-011 
0.910000 	 0.402524 	 0.402524 	 3.07802e-011 
0.920000 	 0.398519 	 0.398519 	 3.08088e-011 
0.930000 	 0.394554 	 0.394554 	 3.08338e-011 
0.940000 	 0.390628 	 0.390628 	 3.08552e-011 
0.950000 	 0.386741 	 0.386741 	 3.08732e-011 
0.960000 	 0.382893 	 0.382893 	 3.08877e-011 
0.970000 	 0.379083 	 0.379083 	 3.08989e-011 
0.980000 	 0.375311 	 0.375311 	 3.09068e-011 
0.990000 	 0.371577 	 0.371577 	 3.09115e-011 
1.000000 	 0.367879 	 0.367879 	 3.09131e-011 
1.010000 	 0.364219 	 0.364219 	 3.09115e-011 
1.020000 	 0.360595 	 0.360595 	 3.0907e-011 
1.030000 	 0.357007 	 0.357007 	 3.08994e-011 
1.040000 	 0.353455 	 0.353455 	 3.0889e-011 
1.050000 	 0.349938 	 0.349938 	 3.08757e-011 
1.060000 	 0.346456 	 0.346456 	 3.08596e-011 
1.070000 	 0.343009 	 0.343009 	 3.08408e-011 
1.080000 	 0.339596 	 0.339596 	 3.08193e-011 
1.090000 	 0.336216 	 0.336216 	 3.07952e-011 
1.100000 	 0.332871 	 0.332871 	 3.07685e-011 
1.110000 	 0.329559 	 0.329559 	 3.07393e-011 
1.120000 	 0.326280 	 0.326280 	 3.07076e-011 
1.130000 	 0.323033 	 0.323033 	 3.06735e-011 
1.140000 	 0.319819 	 0.319819 	 3.0637e-011 
1.150000 	 0.316637 	 0.316637 	 3.05982e-011 
1.160000 	 0.313486 	 0.313486 	 3.05571e-011 
1.170000 	 0.310367 	 0.310367 	 3.05139e-011 
1.180000 	 0.307279 	 0.307279 	 3.04685e-011 
1.190000 	 0.304221 	 0.304221 	 3.0421e-011 
1.200000 	 0.301194 	 0.301194 	 3.03713e-011 
1.210000 	 0.298197 	 0.298197 	 3.03197e-011 
1.220000 	 0.295230 	 0.295230 	 3.02661e-011 
1.230000 	 0.292293 	 0.292293 	 3.02106e-011 
1.240000 	 0.289384 	 0.289384 	 3.01531e-011 
1.250000 	 0.286505 	 0.286505 	 3.00939e-011 
1.260000 	 0.283654 	 0.283654 	 3.00328e-011 
1.270000 	 0.280832 	 0.280832 	 2.99699e-011 
1.280000 	 0.278037 	 0.278037 	 2.99054e-011 
1.290000 	 0.275271 	 0.275271 	 2.98391e-011 
1.300000 	 0.272532 	 0.272532 	 2.97712e-011 
1.310000 	 0.269820 	 0.269820 	 2.97018e-011 
1.320000 	 0.267135 	 0.267135 	 2.96307e-011 
1.330000 	 0.264477 	 0.264477 	 2.95582e-011 
1.340000 	 0.261846 	 0.261846 	 2.94841e-011 
1.350000 	 0.259240 	 0.259240 	 2.94086e-011 
1.360000 	 0.256661 	 0.256661 	 2.93316e-011 
1.370000 	 0.254107 	 0.254107 	 2.92533e-011 
1.380000 	 0.251579 	 0.251579 	 2.91736e-011 
1.390000 	 0.249075 	 0.249075 	 2.90926e-011 
1.400000 	 0.246597 	 0.246597 	 2.90104e-011 
1.410000 	 0.244143 	 0.244143 	 2.89268e-011 
1.420000 	 0.241714 	 0.241714 	 2.88421e-011 
1.430000 	 0.239309 	 0.239309 	 2.87563e-011 
1.440000 	 0.236928 	 0.236928 	 2.86692e-011 
1.450000 	 0.234570 	 0.234570 	 2.85811e-011 
1.460000 	 0.232236 	 0.232236 	 2.84918e-011 
1.470000 	 0.229925 	 0.229925 	 2.84016e-011 
1.480000 	 0.227638 	 0.227638 	 2.83102e-011 
1.490000 	 0.225373 	 0.225373 	 2.82179e-011 
1.500000 	 0.223130 	 0.223130 	 2.81247e-011 
1.510000 	 0.220910 	 0.220910 	 2.80304e-011 
1.520000 	 0.218712 	 0.218712 	 2.79353e-011 
1.530000 	 0.216536 	 0.216536 	 2.78393e-011 
1.540000 	 0.214381 	 0.214381 	 2.77424e-011 
1.550000 	 0.212248 	 0.212248 	 2.76448e-011 
1.560000 	 0.210136 	 0.210136 	 2.75463e-011 
1.570000 	 0.208045 	 0.208045 	 2.7447e-011 
1.580000 	 0.205975 	 0.205975 	 2.7347e-011 
1.590000 	 0.203926 	 0.203926 	 2.72463e-011 
1.600000 	 0.201897 	 0.201897 	 2.71448e-011 
1.610000 	 0.199888 	 0.199888 	 2.70427e-011 
1.620000 	 0.197899 	 0.197899 	 2.69399e-011 
1.630000 	 0.195930 	 0.195930 	 2.68365e-011 
1.640000 	 0.193980 	 0.193980 	 2.67325e-011 
1.650000 	 0.192050 	 0.192050 	 2.66279e-011 
1.660000 	 0.190139 	 0.190139 	 2.65227e-011 
1.670000 	 0.188247 	 0.188247 	 2.64169e-011 
1.680000 	 0.186374 	 0.186374 	 2.63107e-011 
1.690000 	 0.184520 	 0.184520 	 2.62039e-011 
1.700000 	 0.182684 	 0.182684 	 2.60967e-011 
1.710000 	 0.180866 	 0.180866 	 2.5989e-011 
1.720000 	 0.179066 	 0.179066 	 2.58809e-011 
1.730000 	 0.177284 	 0.177284 	 2.57723e-011 
1.740000 	 0.175520 	 0.175520 	 2.56634e-011 
1.750000 	 0.173774 	 0.173774 	 2.55541e-011 
1.760000 	 0.172045 	 0.172045 	 2.54444e-011 
1.770000 	 0.170333 	 0.170333 	 2.53343e-011 
1.780000 	 0.168638 	 0.168638 	 2.5224e-011 
1.790000 	 0.166960 	 0.166960 	 2.51133e-011 
1.800000 	 0.165299 	 0.165299 	 2.50023e-011 
1.810000 	 0.163654 	 0.163654 	 2.48911e-011 
1.820000 	 0.162026 	 0.162026 	 2.47795e-011 
1.830000 	 0.160414 	 0.160414 	 2.46678e-011 
1.840000 	 0.158817 	 0.158817 	 2.45558e-011 
1.850000 	 0.157237 	 0.157237 	 2.44436e-011 
1.860000 	 0.155673 	 0.155673 	 2.43312e-011 
1.870000 	 0.154124 	 0.154124 	 2.42186e-011 
1.880000 	 0.152590 	 0.152590 	 2.41058e-011 
1.890000 	 0.151072 	 0.151072 	 2.39929e-011 
1.900000 	 0.149569 	 0.149569 	 2.38798e-011 
1.910000 	 0.148080 	 0.148080 	 2.37667e-011 
1.920000 	 0.146607 	 0.146607 	 2.36533e-011 
1.930000 	 0.145148 	 0.145148 	 2.35399e-011 
1.940000 	 0.143704 	 0.143704 	 2.34265e-011 
1.950000 	 0.142274 	 0.142274 	 2.33129e-011 
1.960000 	 0.140858 	 0.140858 	 2.31993e-011 
1.970000 	 0.139457 	 0.139457 	 2.30857e-011 
1.980000 	 0.138069 	 0.138069 	 2.2972e-011 
1.990000 	 0.136695 	 0.136695 	 2.28583e-011 
2.000000 	 0.135335 	 0.135335 	 2.27446e-011 
2.010000 	 0.133989 	 0.133989 	 2.26309e-011 
2.020000 	 0.132655 	 0.132655 	 2.25171e-011 
2.030000 	 0.131336 	 0.131336 	 2.24035e-011 
2.040000 	 0.130029 	 0.130029 	 2.22898e-011 
2.050000 	 0.128735 	 0.128735 	 2.21761e-011 
2.060000 	 0.127454 	 0.127454 	 2.20626e-011 
2.070000 	 0.126186 	 0.126186 	 2.19491e-011 
2.080000 	 0.124930 	 0.124930 	 2.18357e-011 
2.090000 	 0.123687 	 0.123687 	 2.17223e-011 
2.100000 	 0.122456 	 0.122456 	 2.16091e-011 
2.110000 	 0.121238 	 0.121238 	 2.1496e-011 
2.120000 	 0.120032 	 0.120032 	 2.1383e-011 
2.130000 	 0.118837 	 0.118837 	 2.127e-011 
2.140000 	 0.117655 	 0.117655 	 2.11573e-011 
2.150000 	 0.116484 	 0.116484 	 2.10446e-011 
2.160000 	 0.115325 	 0.115325 	 2.09322e-011 
2.170000 	 0.114178 	 0.114178 	 2.08198e-011 
2.180000 	 0.113042 	 0.113042 	 2.07077e-011 
2.190000 	 0.111917 	 0.111917 	 2.05956e-011 
2.200000 	 0.110803 	 0.110803 	 2.04838e-011 
2.210000 	 0.109701 	 0.109701 	 2.03722e-011 
2.220000 	 0.108609 	 0.108609 	 2.02608e-011 
2.230000 	 0.107528 	 0.107528 	 2.01495e-011 
2.240000 	 0.106459 	 0.106459 	 2.00385e-011 
2.250000 	 0.105399 	 0.105399 	 1.99277e-011 
2.260000 	 0.104350 	 0.104350 	 1.98171e-011 
2.270000 	 0.103312 	 0.103312 	 1.97067e-011 
2.280000 	 0.102284 	 0.102284 	 1.95966e-011 
2.290000 	 0.101266 	 0.101266 	 1.94867e-011 
2.300000 	 0.100259 	 0.100259 	 1.9377e-011 
2.310000 	 0.099261 	 0.099261 	 1.92676e-011 
2.320000 	 0.098274 	 0.098274 	 1.91585e-011 
2.330000 	 0.097296 	 0.097296 	 1.90496e-011 
2.340000 	 0.096328 	 0.096328 	 1.8941e-011 
2.350000 	 0.095369 	 0.095369 	 1.88327e-011 
2.360000 	 0.094420 	 0.094420 	 1.87246e-011 
2.370000 	 0.093481 	 0.093481 	 1.86169e-011 
2.380000 	 0.092551 	 0.092551 	 1.85094e-011 
2.390000 	 0.091630 	 0.091630 	 1.84022e-011 
2.400000 	 0.090718 	 0.090718 	 1.82954e-011 
2.410000 	 0.089815 	 0.089815 	 1.81888e-011 
2.420000 	 0.088922 	 0.088922 	 1.80825e-011 
2.430000 	 0.088037 	 0.088037 	 1.79766e-011 
2.440000 	 0.087161 	 0.087161 	 1.7871e-011 
2.450000 	 0.086294 	 0.086294 	 1.77657e-011 
2.460000 	 0.085435 	 0.085435 	 1.76607e-011 
2.470000 	 0.084585 	 0.084585 	 1.7556e-011 
2.480000 	 0.083743 	 0.083743 	 1.74517e-011 
2.490000 	 0.082910 	 0.082910 	 1.73478e-011 
2.500000 	 0.082085 	 0.082085 	 1.72441e-011 
2.510000 	 0.081268 	 0.081268 	 1.71408e-011 
2.520000 	 0.080460 	 0.080460 	 1.70379e-011 
2.530000 	 0.079659 	 0.079659 	 1.69353e-011 
2.540000 	 0.078866 	 0.078866 	 1.68331e-011 
2.550000 	 0.078082 	 0.078082 	 1.67312e-011 
2.560000 	 0.077305 	 0.077305 	 1.66297e-011 
2.570000 	 0.076536 	 0.076536 	 1.65285e-011 
2.580000 	 0.075774 	 0.075774 	 1.64277e-011 
2.590000 	 0.075020 	 0.075020 	 1.63273e-011 
2.600000 	 0.074274 	 0.074274 	 1.62272e-011 
2.610000 	 0.073535 	 0.073535 	 1.61276e-011 
2.620000 	 0.072803 	 0.072803 	 1.60283e-011 
2.630000 	 0.072078 	 0.072078 	 1.59294e-011 
2.640000 	 0.071361 	 0.071361 	 1.58308e-011 
2.650000 	 0.070651 	 0.070651 	 1.57327e-011 
2.660000 	 0.069948 	 0.069948 	 1.56349e-011 
2.670000 	 0.069252 	 0.069252 	 1.55375e-011 
2.680000 	 0.068563 	 0.068563 	 1.54406e-011 
2.690000 	 0.067881 	 0.067881 	 1.53439e-011 
2.700000 	 0.067206 	 0.067206 	 1.52478e-011 
2.710000 	 0.066537 	 0.066537 	 1.51519e-011 
2.720000 	 0.065875 	 0.065875 	 1.50565e-011 
2.730000 	 0.065219 	 0.065219 	 1.49615e-011 
2.740000 	 0.064570 	 0.064570 	 1.48669e-011 
2.750000 	 0.063928 	 0.063928 	 1.47727e-011 
2.760000 	 0.063292 	 0.063292 	 1.46789e-011 
2.770000 	 0.062662 	 0.062662 	 1.45855e-011 
2.780000 	 0.062039 	 0.062039 	 1.44925e-011 
2.790000 	 0.061421 	 0.061421 	 1.43999e-011 
2.800000 	 0.060810 	 0.060810 	 1.43077e-011 
2.810000 	 0.060205 	 0.060205 	 1.42159e-011 
2.820000 	 0.059606 	 0.059606 	 1.41246e-011 
2.830000 	 0.059013 	 0.059013 	 1.40336e-011 
2.840000 	 0.058426 	 0.058426 	 1.39431e-011 
2.850000 	 0.057844 	 0.057844 	 1.38529e-011 
2.860000 	 0.057269 	 0.057269 	 1.37632e-011 
2.870000 	 0.056699 	 0.056699 	 1.36739e-011 
2.880000 	 0.056135 	 0.056135 	 1.3585e-011 
2.890000 	 0.055576 	 0.055576 	 1.34966e-011 
2.900000 	 0.055023 	 0.055023 	 1.34085e-011 
2.910000 	 0.054476 	 0.054476 	 1.33209e-011 
2.920000 	 0.053934 	 0.053934 	 1.32336e-011 
2.930000 	 0.053397 	 0.053397 	 1.31468e-011 
2.940000 	 0.052866 	 0.052866 	 1.30605e-011 
2.950000 	 0.052340 	 0.052340 	 1.29745e-011 
2.960000 	 0.051819 	 0.051819 	 1.28889e-011 
2.970000 	 0.051303 	 0.051303 	 1.28038e-011 
2.980000 	 0.050793 	 0.050793 	 1.27191e-011 
2.990000 	 0.050287 	 0.050287 	 1.26348e-011 
3.000000 	 0.049787 	 0.049787 	 1.25509e-011 
3.010000 	 0.049292 	 0.049292 	 1.24674e-011 
3.020000 	 0.048801 	 0.048801 	 1.23844e-011 
3.030000 	 0.048316 	 0.048316 	 1.23018e-011 
3.040000 	 0.047835 	 0.047835 	 1.22195e-011 
3.050000 	 0.047359 	 0.047359 	 1.21378e-011 
3.060000 	 0.046888 	 0.046888 	 1.20564e-011 
3.070000 	 0.046421 	 0.046421 	 1.19754e-011 
3.080000 	 0.045959 	 0.045959 	 1.18949e-011 
3.090000 	 0.045502 	 0.045502 	 1.18148e-011 
3.100000 	 0.045049 	 0.045049 	 1.17351e-011 
3.110000 	 0.044601 	 0.044601 	 1.16558e-011 
3.120000 	 0.044157 	 0.044157 	 1.15769e-011 
3.130000 	 0.043718 	 0.043718 	 1.14984e-011 
3.140000 	 0.043283 	 0.043283 	 1.14204e-011 
3.150000 	 0.042852 	 0.042852 	 1.13428e-011 
3.160000 	 0.042426 	 0.042426 	 1.12656e-011 
3.170000 	 0.042004 	 0.042004 	 1.11888e-011 
3.180000 	 0.041586 	 0.041586 	 1.11124e-011 
3.190000 	 0.041172 	 0.041172 	 1.10364e-011 
3.200000 	 0.040762 	 0.040762 	 1.09609e-011 
3.210000 	 0.040357 	 0.040357 	 1.08857e-011 
3.220000 	 0.039955 	 0.039955 	 1.0811e-011 
3.230000 	 0.039557 	 0.039557 	 1.07366e-011 
3.240000 	 0.039164 	 0.039164 	 1.06627e-011 
3.250000 	 0.038774 	 0.038774 	 1.05892e-011 
3.260000 	 0.038388 	 0.038388 	 1.05161e-011 
3.270000 	 0.038006 	 0.038006 	 1.04434e-011 
3.280000 	 0.037628 	 0.037628 	 1.03711e-011 
3.290000 	 0.037254 	 0.037254 	 1.02992e-011 
3.300000 	 0.036883 	 0.036883 	 1.02277e-011 
3.310000 	 0.036516 	 0.036516 	 1.01566e-011 
3.320000 	 0.036153 	 0.036153 	 1.0086e-011 
3.330000 	 0.035793 	 0.035793 	 1.00157e-011 
3.340000 	 0.035437 	 0.035437 	 9.94579e-012 
3.350000 	 0.035084 	 0.035084 	 9.87632e-012 
3.360000 	 0.034735 	 0.034735 	 9.80723e-012 
3.370000 	 0.034390 	 0.034390 	 9.73855e-012 
3.380000 	 0.034047 	 0.034047 	 9.67025e-012 
3.390000 	 0.033709 	 0.033709 	 9.60236e-012 
3.400000 	 0.033373 	 0.033373 	 9.53486e-012 
3.410000 	 0.033041 	 0.033041 	 9.46776e-012 
3.420000 	 0.032712 	 0.032712 	 9.40103e-012 
3.430000 	 0.032387 	 0.032387 	 9.33471e-012 
3.440000 	 0.032065 	 0.032065 	 9.26876e-012 
3.450000 	 0.031746 	 0.031746 	 9.20322e-012 
3.460000 	 0.031430 	 0.031430 	 9.13805e-012 
3.470000 	 0.031117 	 0.031117 	 9.07328e-012 
3.480000 	 0.030807 	 0.030807 	 9.00888e-012 
3.490000 	 0.030501 	 0.030501 	 8.94488e-012 
3.500000 	 0.030197 	 0.030197 	 8.88125e-012 
3.510000 	 0.029897 	 0.029897 	 8.818e-012 
3.520000 	 0.029599 	 0.029599 	 8.75513e-012 
3.530000 	 0.029305 	 0.029305 	 8.69265e-012 
3.540000 	 0.029013 	 0.029013 	 8.63053e-012 
3.550000 	 0.028725 	 0.028725 	 8.5688e-012 
3.560000 	 0.028439 	 0.028439 	 8.50743e-012 
3.570000 	 0.028156 	 0.028156 	 8.44644e-012 
3.580000 	 0.027876 	 0.027876 	 8.38582e-012 
3.590000 	 0.027598 	 0.027598 	 8.32556e-012 
3.600000 	 0.027324 	 0.027324 	 8.26569e-012 
3.610000 	 0.027052 	 0.027052 	 8.20617e-012 
3.620000 	 0.026783 	 0.026783 	 8.14703e-012 
3.630000 	 0.026516 	 0.026516 	 8.08824e-012 
3.640000 	 0.026252 	 0.026252 	 8.02983e-012 
3.650000 	 0.025991 	 0.025991 	 7.97176e-012 
3.660000 	 0.025733 	 0.025733 	 7.91407e-012 
3.670000 	 0.025476 	 0.025476 	 7.85673e-012 
3.680000 	 0.025223 	 0.025223 	 7.79975e-012 
3.690000 	 0.024972 	 0.024972 	 7.74312e-012 
3.700000 	 0.024724 	 0.024724 	 7.68686e-012 
3.710000 	 0.024478 	 0.024478 	 7.63093e-012 
3.720000 	 0.024234 	 0.024234 	 7.57537e-012 
3.730000 	 0.023993 	 0.023993 	 7.52015e-012 
3.740000 	 0.023754 	 0.023754 	 7.46529e-012 
3.750000 	 0.023518 	 0.023518 	 7.41077e-012 
3.760000 	 0.023284 	 0.023284 	 7.3566e-012 
3.770000 	 0.023052 	 0.023052 	 7.30277e-012 
3.780000 	 0.022823 	 0.022823 	 7.24929e-012 
3.790000 	 0.022596 	 0.022596 	 7.19614e-012 
3.800000 	 0.022371 	 0.022371 	 7.14334e-012 
3.810000 	 0.022148 	 0.022148 	 7.09087e-012 
3.820000 	 0.021928 	 0.021928 	 7.03875e-012 
3.830000 	 0.021710 	 0.021710 	 6.98695e-012 
3.840000 	 0.021494 	 0.021494 	 6.93548e-012 
3.850000 	 0.021280 	 0.021280 	 6.88436e-012 
3.860000 	 0.021068 	 0.021068 	 6.83356e-012 
3.870000 	 0.020858 	 0.020858 	 6.7831e-012 
3.880000 	 0.020651 	 0.020651 	 6.73295e-012 
3.890000 	 0.020445 	 0.020445 	 6.68314e-012 
3.900000 	 0.020242 	 0.020242 	 6.63365e-012 
3.910000 	 0.020041 	 0.020041 	 6.58449e-012 
3.920000 	 0.019841 	 0.019841 	 6.53564e-012 
3.930000 	 0.019644 	 0.019644 	 6.48712e-012 
3.940000 	 0.019448 	 0.019448 	 6.43891e-012 
3.950000 	 0.019255 	 0.019255 	 6.39103e-012 
3.960000 	 0.019063 	 0.019063 	 6.34345e-012 
3.970000 	 0.018873 	 0.018873 	 6.2962e-012 
3.980000 	 0.018686 	 0.018686 	 6.24925e-012 
3.990000 	 0.018500 	 0.018500 	 6.20262e-012 
4.000000 	 0.018316 	 0.018316 	 6.15629e-012 
4.010000 	 0.018133 	 0.018133 	 6.11026e-012 
4.020000 	 0.017953 	 0.017953 	 6.06457e-012 
4.030000 	 0.017774 	 0.017774 	 6.01915e-012 
4.040000 	 0.017597 	 0.017597 	 5.97404e-012 
4.050000 	 0.017422 	 0.017422 	 5.92924e-012 
4.060000 	 0.017249 	 0.017249 	 5.88474e-012 
4.070000 	 0.017077 	 0.017077 	 5.84054e-012 
4.080000 	 0.016907 	 0.016907 	 5.79663e-012 
4.090000 	 0.016739 	 0.016739 	 5.75301e-012 
4.100000 	 0.016573 	 0.016573 	 5.70969e-012 
4.110000 	 0.016408 	 0.016408 	 5.66668e-012 
4.120000 	 0.016245 	 0.016245 	 5.62394e-012 
4.130000 	 0.016083 	 0.016083 	 5.58149e-012 
4.140000 	 0.015923 	 0.015923 	 5.53933e-012 
4.150000 	 0.015764 	 0.015764 	 5.49747e-012 
4.160000 	 0.015608 	 0.015608 	 5.45588e-012 
4.170000 	 0.015452 	 0.015452 	 5.41458e-012 
4.180000 	 0.015299 	 0.015299 	 5.37355e-012 
4.190000 	 0.015146 	 0.015146 	 5.33282e-012 
4.200000 	 0.014996 	 0.014996 	 5.29236e-012 
4.210000 	 0.014846 	 0.014846 	 5.25217e-012 
4.220000 	 0.014699 	 0.014699 	 5.21226e-012 
4.230000 	 0.014552 	 0.014552 	 5.17263e-012 
4.240000 	 0.014408 	 0.014408 	 5.13327e-012 
4.250000 	 0.014264 	 0.014264 	 5.09417e-012 
4.260000 	 0.014122 	 0.014122 	 5.05535e-012 
4.270000 	 0.013982 	 0.013982 	 5.01681e-012 
4.280000 	 0.013843 	 0.013843 	 4.97852e-012 
4.290000 	 0.013705 	 0.013705 	 4.94049e-012 
4.300000 	 0.013569 	 0.013569 	 4.90273e-012 
4.310000 	 0.013434 	 0.013434 	 4.86525e-012 
4.320000 	 0.013300 	 0.013300 	 4.82801e-012 
4.330000 	 0.013168 	 0.013168 	 4.79104e-012 
4.340000 	 0.013037 	 0.013037 	 4.75432e-012 
4.350000 	 0.012907 	 0.012907 	 4.71786e-012 
4.360000 	 0.012778 	 0.012778 	 4.68165e-012 
4.370000 	 0.012651 	 0.012651 	 4.6457e-012 
4.380000 	 0.012525 	 0.012525 	 4.61e-012 
4.390000 	 0.012401 	 0.012401 	 4.57454e-012 
4.400000 	 0.012277 	 0.012277 	 4.53935e-012 
4.410000 	 0.012155 	 0.012155 	 4.50439e-012 
4.420000 	 0.012034 	 0.012034 	 4.46969e-012 
4.430000 	 0.011914 	 0.011914 	 4.43522e-012 
4.440000 	 0.011796 	 0.011796 	 4.40101e-012 
4.450000 	 0.011679 	 0.011679 	 4.36703e-012 
4.460000 	 0.011562 	 0.011562 	 4.33329e-012 
4.470000 	 0.011447 	 0.011447 	 4.29979e-012 
4.480000 	 0.011333 	 0.011333 	 4.26654e-012 
4.490000 	 0.011221 	 0.011221 	 4.23351e-012 
4.500000 	 0.011109 	 0.011109 	 4.20072e-012 
4.510000 	 0.010998 	 0.010998 	 4.16816e-012 
4.520000 	 0.010889 	 0.010889 	 4.13584e-012 
4.530000 	 0.010781 	 0.010781 	 4.10375e-012 
4.540000 	 0.010673 	 0.010673 	 4.07188e-012 
4.550000 	 0.010567 	 0.010567 	 4.04024e-012 
4.560000 	 0.010462 	 0.010462 	 4.00884e-012 
4.570000 	 0.010358 	 0.010358 	 3.97765e-012 
4.580000 	 0.010255 	 0.010255 	 3.94669e-012 
4.590000 	 0.010153 	 0.010153 	 3.91595e-012 
4.600000 	 0.010052 	 0.010052 	 3.88544e-012 
4.610000 	 0.009952 	 0.009952 	 3.85514e-012 
4.620000 	 0.009853 	 0.009853 	 3.82506e-012 
4.630000 	 0.009755 	 0.009755 	 3.79519e-012 
4.640000 	 0.009658 	 0.009658 	 3.76554e-012 
4.650000 	 0.009562 	 0.009562 	 3.73612e-012 
4.660000 	 0.009466 	 0.009466 	 3.70689e-012 
4.670000 	 0.009372 	 0.009372 	 3.67788e-012 
4.680000 	 0.009279 	 0.009279 	 3.64908e-012 
4.690000 	 0.009187 	 0.009187 	 3.6205e-012 
4.700000 	 0.009095 	 0.009095 	 3.59211e-012 
4.710000 	 0.009005 	 0.009005 	 3.56394e-012 
4.720000 	 0.008915 	 0.008915 	 3.53596e-012 
4.730000 	 0.008826 	 0.008826 	 3.5082e-012 
4.740000 	 0.008739 	 0.008739 	 3.48064e-012 
4.750000 	 0.008652 	 0.008652 	 3.45327e-012 
4.760000 	 0.008566 	 0.008566 	 3.42611e-012 
4.770000 	 0.008480 	 0.008480 	 3.39915e-012 
4.780000 	 0.008396 	 0.008396 	 3.37238e-012 
4.790000 	 0.008312 	 0.008312 	 3.34581e-012 
4.800000 	 0.008230 	 0.008230 	 3.31943e-012 
4.810000 	 0.008148 	 0.008148 	 3.29325e-012 
4.820000 	 0.008067 	 0.008067 	 3.26726e-012 
4.830000 	 0.007987 	 0.007987 	 3.24146e-012 
4.840000 	 0.007907 	 0.007907 	 3.21585e-012 
4.850000 	 0.007828 	 0.007828 	 3.19044e-012 
4.860000 	 0.007750 	 0.007750 	 3.1652e-012 
4.870000 	 0.007673 	 0.007673 	 3.14015e-012 
4.880000 	 0.007597 	 0.007597 	 3.11529e-012 
4.890000 	 0.007521 	 0.007521 	 3.09061e-012 
4.900000 	 0.007447 	 0.007447 	 3.06612e-012 
4.910000 	 0.007372 	 0.007372 	 3.04181e-012 
4.920000 	 0.007299 	 0.007299 	 3.01767e-012 
4.930000 	 0.007227 	 0.007227 	 2.99372e-012 
4.940000 	 0.007155 	 0.007155 	 2.96995e-012 
4.950000 	 0.007083 	 0.007083 	 2.94635e-012 
4.960000 	 0.007013 	 0.007013 	 2.92292e-012 
4.970000 	 0.006943 	 0.006943 	 2.89967e-012 
4.980000 	 0.006874 	 0.006874 	 2.8766e-012 
0.000000 	 1.000000 	 1.000000 	 0 
0.100000 	 0.904837 	 0.904837 	 8.1964e-008 
0.200000 	 0.818731 	 0.818731 	 1.48328e-007 
0.300000 	 0.740818 	 0.740818 	 2.01319e-007 
0.400000 	 0.670320 	 0.670320 	 2.42882e-007 
0.500000 	 0.606531 	 0.606531 	 2.74711e-007 
0.600000 	 0.548812 	 0.548812 	 2.98282e-007 
0.700000 	 0.496586 	 0.496585 	 3.1488e-007 
0.800000 	 0.449329 	 0.449329 	 3.25617e-007 
0.900000 	 0.406570 	 0.406570 	 3.31459e-007 
1.000000 	 0.367880 	 0.367879 	 3.33241e-007 
1.100000 	 0.332871 	 0.332871 	 3.31682e-007 
1.200000 	 0.301195 	 0.301194 	 3.27402e-007 
1.300000 	 0.272532 	 0.272532 	 3.20932e-007 
1.400000 	 0.246597 	 0.246597 	 3.12729e-007 
1.500000 	 0.223130 	 0.223130 	 3.03181e-007 
1.600000 	 0.201897 	 0.201897 	 2.92619e-007 
1.700000 	 0.182684 	 0.182684 	 2.81321e-007 
1.800000 	 0.165299 	 0.165299 	 2.69523e-007 
1.900000 	 0.149569 	 0.149569 	 2.57423e-007 
2.000000 	 0.135336 	 0.135335 	 2.45185e-007 
2.100000 	 0.122457 	 0.122456 	 2.32945e-007 
2.200000 	 0.110803 	 0.110803 	 2.20815e-007 
2.300000 	 0.100259 	 0.100259 	 2.08883e-007 
2.400000 	 0.090718 	 0.090718 	 1.97223e-007 
2.500000 	 0.082085 	 0.082085 	 1.8589e-007 
2.600000 	 0.074274 	 0.074274 	 1.74929e-007 
2.700000 	 0.067206 	 0.067206 	 1.6437e-007 
2.800000 	 0.060810 	 0.060810 	 1.54236e-007 
2.900000 	 0.055023 	 0.055023 	 1.44543e-007 
3.000000 	 0.049787 	 0.049787 	 1.35298e-007 
3.100000 	 0.045049 	 0.045049 	 1.26503e-007 
3.200000 	 0.040762 	 0.040762 	 1.18157e-007 
3.300000 	 0.036883 	 0.036883 	 1.10254e-007 
3.400000 	 0.033373 	 0.033373 	 1.02785e-007 
3.500000 	 0.030197 	 0.030197 	 9.57394e-008 
3.600000 	 0.027324 	 0.027324 	 8.91037e-008 
3.700000 	 0.024724 	 0.024724 	 8.2864e-008 
3.800000 	 0.022371 	 0.022371 	 7.70049e-008 
3.900000 	 0.020242 	 0.020242 	 7.15105e-008 
4.000000 	 0.018316 	 0.018316 	 6.63645e-008 
4.100000 	 0.016573 	 0.016573 	 6.15503e-008 
4.200000 	 0.014996 	 0.014996 	 5.70514e-008 
4.300000 	 0.013569 	 0.013569 	 5.28513e-008 
4.400000 	 0.012277 	 0.012277 	 4.8934e-008 
4.500000 	 0.011109 	 0.011109 	 4.52836e-008 
4.600000 	 0.010052 	 0.010052 	 4.18848e-008 
4.700000 	 0.009095 	 0.009095 	 3.87229e-008 
4.800000 	 0.008230 	 0.008230 	 3.57834e-008 
0.000000 	 1.000000 	 1.000000 	 0 
1.000000 	 0.375000 	 0.367879 	 0.00712056 
2.000000 	 0.140625 	 0.135335 	 0.00528972 
3.000000 	 0.052734 	 0.049787 	 0.00294731 
4.000000 	 0.019775 	 0.018316 	 0.00145975 
