 0.000000 	 0.000000 	 0.000000 
 0.000100 	 0.000000 	 0.000058 
 0.000200 	 0.000000 	 0.000225 
 0.000300 	 0.000000 	 0.000490 
 0.000400 	 0.000000 	 0.000844 
 0.000500 	 0.000000 	 0.001278 
 0.000600 	 0.000000 	 0.001784 
 0.000700 	 0.000001 	 0.002357 
 0.000800 	 0.000001 	 0.002988 
 0.000900 	 0.000001 	 0.003673 
 0.001000 	 0.000002 	 0.004405 
 0.001100 	 0.000002 	 0.005181 
 0.001200 	 0.000003 	 0.005996 
 0.001300 	 0.000003 	 0.006845 
 0.001400 	 0.000004 	 0.007726 
 0.001500 	 0.000005 	 0.008635 
 0.001600 	 0.000006 	 0.009569 
 0.001700 	 0.000007 	 0.010526 
 0.001800 	 0.000008 	 0.011502 
 0.001900 	 0.000009 	 0.012495 
 0.002000 	 0.000010 	 0.013505 
 0.002100 	 0.000012 	 0.014527 
 0.002200 	 0.000013 	 0.015562 
 0.002300 	 0.000015 	 0.016607 
 0.002400 	 0.000017 	 0.017661 
 0.002500 	 0.000018 	 0.018722 
 0.002600 	 0.000020 	 0.019789 
 0.002700 	 0.000022 	 0.020862 
 0.002800 	 0.000024 	 0.021939 
 0.002900 	 0.000027 	 0.023019 
 0.003000 	 0.000029 	 0.024102 
 0.003100 	 0.000032 	 0.025186 
 0.003200 	 0.000034 	 0.026271 
 0.003300 	 0.000037 	 0.027356 
 0.003400 	 0.000040 	 0.028441 
 0.003500 	 0.000042 	 0.029524 
 0.003600 	 0.000045 	 0.030606 
 0.003700 	 0.000049 	 0.031686 
 0.003800 	 0.000052 	 0.032763 
 0.003900 	 0.000055 	 0.033836 
 0.004000 	 0.000059 	 0.034907 
 0.004100 	 0.000062 	 0.035973 
 0.004200 	 0.000066 	 0.037036 
 0.004300 	 0.000070 	 0.038093 
 0.004400 	 0.000073 	 0.039146 
 0.004500 	 0.000077 	 0.040193 
 0.004600 	 0.000081 	 0.041235 
 0.004700 	 0.000086 	 0.042271 
 0.004800 	 0.000090 	 0.043301 
 0.004900 	 0.000094 	 0.044324 
 0.005000 	 0.000099 	 0.045341 
 0.005100 	 0.000103 	 0.046351 
 0.005200 	 0.000108 	 0.047354 
 0.005300 	 0.000113 	 0.048350 
 0.005400 	 0.000118 	 0.049338 
 0.005500 	 0.000123 	 0.050319 
 0.005600 	 0.000128 	 0.051291 
 0.005700 	 0.000133 	 0.052256 
 0.005800 	 0.000138 	 0.053212 
 0.005900 	 0.000144 	 0.054160 
 0.006000 	 0.000149 	 0.055099 
 0.006100 	 0.000155 	 0.056030 
 0.006200 	 0.000160 	 0.056951 
 0.006300 	 0.000166 	 0.057864 
 0.006400 	 0.000172 	 0.058767 
 0.006500 	 0.000178 	 0.059661 
 0.006600 	 0.000184 	 0.060545 
 0.006700 	 0.000190 	 0.061419 
 0.006800 	 0.000196 	 0.062284 
 0.006900 	 0.000202 	 0.063139 
 0.007000 	 0.000209 	 0.063983 
 0.007100 	 0.000215 	 0.064817 
 0.007200 	 0.000222 	 0.065641 
 0.007300 	 0.000228 	 0.066455 
 0.007400 	 0.000235 	 0.067258 
 0.007500 	 0.000242 	 0.068050 
 0.007600 	 0.000249 	 0.068831 
 0.007700 	 0.000255 	 0.069601 
 0.007800 	 0.000262 	 0.070360 
 0.007900 	 0.000270 	 0.071108 
 0.008000 	 0.000277 	 0.071844 
 0.008100 	 0.000284 	 0.072569 
 0.008200 	 0.000291 	 0.073283 
 0.008300 	 0.000299 	 0.073985 
 0.008400 	 0.000306 	 0.074675 
 0.008500 	 0.000313 	 0.075353 
 0.008600 	 0.000321 	 0.076019 
 0.008700 	 0.000329 	 0.076674 
 0.008800 	 0.000336 	 0.077316 
 0.008900 	 0.000344 	 0.077946 
 0.009000 	 0.000352 	 0.078563 
 0.009100 	 0.000360 	 0.079168 
 0.009200 	 0.000368 	 0.079761 
 0.009300 	 0.000376 	 0.080341 
 0.009400 	 0.000384 	 0.080908 
 0.009500 	 0.000392 	 0.081462 
 0.009600 	 0.000400 	 0.082004 
 0.009700 	 0.000408 	 0.082533 
 0.009800 	 0.000417 	 0.083049 
 0.009900 	 0.000425 	 0.083551 
 0.010000 	 0.000433 	 0.084041 
 0.010100 	 0.000442 	 0.084517 
 0.010200 	 0.000450 	 0.084980 
 0.010300 	 0.000459 	 0.085430 
 0.010400 	 0.000467 	 0.085866 
 0.010500 	 0.000476 	 0.086289 
 0.010600 	 0.000485 	 0.086698 
 0.010700 	 0.000493 	 0.087094 
 0.010800 	 0.000502 	 0.087476 
 0.010900 	 0.000511 	 0.087844 
 0.011000 	 0.000520 	 0.088199 
 0.011100 	 0.000528 	 0.088539 
 0.011200 	 0.000537 	 0.088866 
 0.011300 	 0.000546 	 0.089179 
 0.011400 	 0.000555 	 0.089478 
 0.011500 	 0.000564 	 0.089763 
 0.011600 	 0.000573 	 0.090035 
 0.011700 	 0.000582 	 0.090291 
 0.011800 	 0.000591 	 0.090534 
 0.011900 	 0.000600 	 0.090763 
 0.012000 	 0.000609 	 0.090978 
 0.012100 	 0.000618 	 0.091178 
 0.012200 	 0.000628 	 0.091364 
 0.012300 	 0.000637 	 0.091536 
 0.012400 	 0.000646 	 0.091694 
 0.012500 	 0.000655 	 0.091837 
 0.012600 	 0.000664 	 0.091966 
 0.012700 	 0.000673 	 0.092081 
 0.012800 	 0.000683 	 0.092181 
 0.012900 	 0.000692 	 0.092267 
 0.013000 	 0.000701 	 0.092339 
 0.013100 	 0.000710 	 0.092396 
 0.013200 	 0.000720 	 0.092439 
 0.013300 	 0.000729 	 0.092467 
 0.013400 	 0.000738 	 0.092481 
 0.013500 	 0.000747 	 0.092481 
 0.013600 	 0.000757 	 0.092466 
 0.013700 	 0.000766 	 0.092437 
 0.013800 	 0.000775 	 0.092394 
 0.013900 	 0.000784 	 0.092336 
 0.014000 	 0.000794 	 0.092264 
 0.014100 	 0.000803 	 0.092177 
 0.014200 	 0.000812 	 0.092076 
 0.014300 	 0.000821 	 0.091961 
 0.014400 	 0.000830 	 0.091831 
 0.014500 	 0.000840 	 0.091687 
 0.014600 	 0.000849 	 0.091529 
 0.014700 	 0.000858 	 0.091357 
 0.014800 	 0.000867 	 0.091170 
 0.014900 	 0.000876 	 0.090969 
 0.015000 	 0.000885 	 0.090754 
 0.015100 	 0.000894 	 0.090525 
 0.015200 	 0.000903 	 0.090282 
 0.015300 	 0.000912 	 0.090024 
 0.015400 	 0.000921 	 0.089753 
 0.015500 	 0.000930 	 0.089468 
 0.015600 	 0.000939 	 0.089169 
 0.015700 	 0.000948 	 0.088855 
 0.015800 	 0.000957 	 0.088528 
 0.015900 	 0.000966 	 0.088188 
 0.016000 	 0.000975 	 0.087833 
 0.016100 	 0.000983 	 0.087465 
 0.016200 	 0.000992 	 0.087083 
 0.016300 	 0.001001 	 0.086687 
 0.016400 	 0.001009 	 0.086278 
 0.016500 	 0.001018 	 0.085856 
 0.016600 	 0.001027 	 0.085420 
 0.016700 	 0.001035 	 0.084971 
 0.016800 	 0.001044 	 0.084508 
 0.016900 	 0.001052 	 0.084032 
 0.017000 	 0.001060 	 0.083544 
 0.017100 	 0.001069 	 0.083042 
 0.017200 	 0.001077 	 0.082527 
 0.017300 	 0.001085 	 0.081999 
 0.017400 	 0.001093 	 0.081458 
 0.017500 	 0.001101 	 0.080905 
 0.017600 	 0.001110 	 0.080338 
 0.017700 	 0.001118 	 0.079760 
 0.017800 	 0.001125 	 0.079168 
 0.017900 	 0.001133 	 0.078565 
 0.018000 	 0.001141 	 0.077949 
 0.018100 	 0.001149 	 0.077320 
 0.018200 	 0.001157 	 0.076680 
 0.018300 	 0.001164 	 0.076027 
 0.018400 	 0.001172 	 0.075363 
 0.018500 	 0.001179 	 0.074686 
 0.018600 	 0.001187 	 0.073998 
 0.018700 	 0.001194 	 0.073298 
 0.018800 	 0.001201 	 0.072587 
 0.018900 	 0.001209 	 0.071864 
 0.019000 	 0.001216 	 0.071129 
 0.019100 	 0.001223 	 0.070384 
 0.019200 	 0.001230 	 0.069627 
 0.019300 	 0.001237 	 0.068859 
 0.019400 	 0.001244 	 0.068080 
 0.019500 	 0.001250 	 0.067291 
 0.019600 	 0.001257 	 0.066491 
 0.019700 	 0.001264 	 0.065680 
 0.019800 	 0.001270 	 0.064859 
 0.019900 	 0.001277 	 0.064027 
 0.020000 	 0.001283 	 0.063185 
 0.020100 	 0.001289 	 0.062333 
 0.020200 	 0.001296 	 0.061471 
 0.020300 	 0.001302 	 0.060599 
 0.020400 	 0.001308 	 0.059718 
 0.020500 	 0.001314 	 0.058826 
 0.020600 	 0.001319 	 0.057926 
 0.020700 	 0.001325 	 0.057016 
 0.020800 	 0.001331 	 0.056097 
 0.020900 	 0.001336 	 0.055168 
 0.021000 	 0.001342 	 0.054231 
 0.021100 	 0.001347 	 0.053285 
 0.021200 	 0.001353 	 0.052330 
 0.021300 	 0.001358 	 0.051367 
 0.021400 	 0.001363 	 0.050395 
 0.021500 	 0.001368 	 0.049415 
 0.021600 	 0.001373 	 0.048427 
 0.021700 	 0.001377 	 0.047431 
 0.021800 	 0.001382 	 0.046428 
 0.021900 	 0.001387 	 0.045416 
 0.022000 	 0.001391 	 0.044397 
 0.022100 	 0.001396 	 0.043371 
 0.022200 	 0.001400 	 0.042337 
 0.022300 	 0.001404 	 0.041296 
 0.022400 	 0.001408 	 0.040249 
 0.022500 	 0.001412 	 0.039194 
 0.022600 	 0.001416 	 0.038133 
 0.022700 	 0.001420 	 0.037066 
 0.022800 	 0.001423 	 0.035992 
 0.022900 	 0.001427 	 0.034912 
 0.023000 	 0.001430 	 0.033826 
 0.023100 	 0.001434 	 0.032734 
 0.023200 	 0.001437 	 0.031636 
 0.023300 	 0.001440 	 0.030533 
 0.023400 	 0.001443 	 0.029424 
 0.023500 	 0.001446 	 0.028311 
 0.023600 	 0.001449 	 0.027192 
 0.023700 	 0.001451 	 0.026068 
 0.023800 	 0.001454 	 0.024940 
 0.023900 	 0.001456 	 0.023807 
 0.024000 	 0.001459 	 0.022670 
 0.024100 	 0.001461 	 0.021528 
 0.024200 	 0.001463 	 0.020382 
 0.024300 	 0.001465 	 0.019233 
 0.024400 	 0.001467 	 0.018080 
 0.024500 	 0.001469 	 0.016923 
 0.024600 	 0.001470 	 0.015762 
 0.024700 	 0.001472 	 0.014599 
 0.024800 	 0.001473 	 0.013432 
 0.024900 	 0.001474 	 0.012263 
 0.025000 	 0.001476 	 0.011091 
 0.025100 	 0.001477 	 0.009916 
 0.025200 	 0.001478 	 0.008739 
 0.025300 	 0.001478 	 0.007559 
 0.025400 	 0.001479 	 0.006378 
 0.025500 	 0.001480 	 0.005195 
 0.025600 	 0.001480 	 0.004010 
 0.025700 	 0.001481 	 0.002823 
 0.025800 	 0.001481 	 0.001635 
 0.025900 	 0.001481 	 0.000446 
 0.026000 	 0.001481 	 -0.000744 
 0.026100 	 0.001481 	 -0.001935 
 0.026200 	 0.001480 	 -0.003126 
 0.026300 	 0.001480 	 -0.004318 
 0.026400 	 0.001480 	 -0.005511 
 0.026500 	 0.001479 	 -0.006703 
 0.026600 	 0.001478 	 -0.007896 
 0.026700 	 0.001477 	 -0.009088 
 0.026800 	 0.001476 	 -0.010280 
 0.026900 	 0.001475 	 -0.011472 
 0.027000 	 0.001474 	 -0.012662 
 0.027100 	 0.001473 	 -0.013852 
 0.027200 	 0.001471 	 -0.015041 
 0.027300 	 0.001470 	 -0.016229 
 0.027400 	 0.001468 	 -0.017415 
 0.027500 	 0.001466 	 -0.018600 
 0.027600 	 0.001464 	 -0.019783 
 0.027700 	 0.001462 	 -0.020963 
 0.027800 	 0.001460 	 -0.022142 
 0.027900 	 0.001458 	 -0.023319 
 0.028000 	 0.001456 	 -0.024493 
 0.028100 	 0.001453 	 -0.025665 
 0.028200 	 0.001450 	 -0.026834 
 0.028300 	 0.001448 	 -0.028000 
 0.028400 	 0.001445 	 -0.029162 
 0.028500 	 0.001442 	 -0.030322 
 0.028600 	 0.001439 	 -0.031478 
 0.028700 	 0.001436 	 -0.032631 
 0.028800 	 0.001432 	 -0.033779 
 0.028900 	 0.001429 	 -0.034924 
 0.029000 	 0.001425 	 -0.036065 
 0.029100 	 0.001422 	 -0.037201 
 0.029200 	 0.001418 	 -0.038333 
 0.029300 	 0.001414 	 -0.039461 
 0.029400 	 0.001410 	 -0.040583 
 0.029500 	 0.001406 	 -0.041701 
 0.029600 	 0.001402 	 -0.042814 
 0.029700 	 0.001397 	 -0.043921 
 0.029800 	 0.001393 	 -0.045023 
 0.029900 	 0.001388 	 -0.046119 
 0.030000 	 0.001384 	 -0.047210 
 0.030100 	 0.001379 	 -0.048295 
 0.030200 	 0.001374 	 -0.049373 
 0.030300 	 0.001369 	 -0.050446 
 0.030400 	 0.001364 	 -0.051512 
 0.030500 	 0.001359 	 -0.052572 
 0.030600 	 0.001353 	 -0.053625 
 0.030700 	 0.001348 	 -0.054671 
 0.030800 	 0.001342 	 -0.055710 
 0.030900 	 0.001337 	 -0.056742 
 0.031000 	 0.001331 	 -0.057767 
 0.031100 	 0.001325 	 -0.058785 
 0.031200 	 0.001319 	 -0.059795 
 0.031300 	 0.001313 	 -0.060797 
 0.031400 	 0.001307 	 -0.061791 
 0.031500 	 0.001301 	 -0.062777 
 0.031600 	 0.001295 	 -0.063756 
 0.031700 	 0.001288 	 -0.064725 
 0.031800 	 0.001282 	 -0.065687 
 0.031900 	 0.001275 	 -0.066640 
 0.032000 	 0.001268 	 -0.067584 
 0.032100 	 0.001261 	 -0.068519 
 0.032200 	 0.001255 	 -0.069446 
 0.032300 	 0.001248 	 -0.070363 
 0.032400 	 0.001240 	 -0.071271 
 0.032500 	 0.001233 	 -0.072170 
 0.032600 	 0.001226 	 -0.073059 
 0.032700 	 0.001219 	 -0.073939 
 0.032800 	 0.001211 	 -0.074808 
 0.032900 	 0.001204 	 -0.075668 
 0.033000 	 0.001196 	 -0.076518 
 0.033100 	 0.001188 	 -0.077358 
 0.033200 	 0.001181 	 -0.078188 
 0.033300 	 0.001173 	 -0.079007 
 0.033400 	 0.001165 	 -0.079815 
 0.033500 	 0.001157 	 -0.080613 
 0.033600 	 0.001149 	 -0.081401 
 0.033700 	 0.001141 	 -0.082177 
 0.033800 	 0.001132 	 -0.082943 
 0.033900 	 0.001124 	 -0.083697 
 0.034000 	 0.001116 	 -0.084441 
 0.034100 	 0.001107 	 -0.085173 
 0.034200 	 0.001099 	 -0.085893 
 0.034300 	 0.001090 	 -0.086602 
 0.034400 	 0.001081 	 -0.087300 
 0.034500 	 0.001072 	 -0.087986 
 0.034600 	 0.001064 	 -0.088660 
 0.034700 	 0.001055 	 -0.089322 
 0.034800 	 0.001046 	 -0.089972 
 0.034900 	 0.001037 	 -0.090610 
 0.035000 	 0.001028 	 -0.091236 
 0.035100 	 0.001018 	 -0.091850 
 0.035200 	 0.001009 	 -0.092451 
 0.035300 	 0.001000 	 -0.093040 
 0.035400 	 0.000991 	 -0.093616 
 0.035500 	 0.000981 	 -0.094180 
 0.035600 	 0.000972 	 -0.094731 
 0.035700 	 0.000962 	 -0.095269 
 0.035800 	 0.000953 	 -0.095794 
 0.035900 	 0.000943 	 -0.096307 
 0.036000 	 0.000933 	 -0.096806 
 0.036100 	 0.000924 	 -0.097292 
 0.036200 	 0.000914 	 -0.097765 
 0.036300 	 0.000904 	 -0.098225 
 0.036400 	 0.000894 	 -0.098672 
 0.036500 	 0.000884 	 -0.099105 
 0.036600 	 0.000875 	 -0.099525 
 0.036700 	 0.000865 	 -0.099932 
 0.036800 	 0.000855 	 -0.100325 
 0.036900 	 0.000845 	 -0.100704 
 0.037000 	 0.000834 	 -0.101069 
 0.037100 	 0.000824 	 -0.101421 
 0.037200 	 0.000814 	 -0.101760 
 0.037300 	 0.000804 	 -0.102084 
 0.037400 	 0.000794 	 -0.102394 
 0.037500 	 0.000783 	 -0.102691 
 0.037600 	 0.000773 	 -0.102974 
 0.037700 	 0.000763 	 -0.103242 
 0.037800 	 0.000753 	 -0.103497 
 0.037900 	 0.000742 	 -0.103738 
 0.038000 	 0.000732 	 -0.103964 
 0.038100 	 0.000721 	 -0.104177 
 0.038200 	 0.000711 	 -0.104375 
 0.038300 	 0.000701 	 -0.104559 
 0.038400 	 0.000690 	 -0.104729 
 0.038500 	 0.000680 	 -0.104885 
 0.038600 	 0.000669 	 -0.105026 
 0.038700 	 0.000659 	 -0.105153 
 0.038800 	 0.000648 	 -0.105266 
 0.038900 	 0.000638 	 -0.105364 
 0.039000 	 0.000627 	 -0.105448 
 0.039100 	 0.000616 	 -0.105518 
 0.039200 	 0.000606 	 -0.105573 
 0.039300 	 0.000595 	 -0.105614 
 0.039400 	 0.000585 	 -0.105641 
 0.039500 	 0.000574 	 -0.105653 
 0.039600 	 0.000564 	 -0.105651 
 0.039700 	 0.000553 	 -0.105634 
 0.039800 	 0.000542 	 -0.105604 
 0.039900 	 0.000532 	 -0.105558 
 0.040000 	 0.000521 	 -0.105499 
 0.040100 	 0.000511 	 -0.105425 
 0.040200 	 0.000500 	 -0.105336 
 0.040300 	 0.000490 	 -0.105234 
 0.040400 	 0.000479 	 -0.105116 
 0.040500 	 0.000469 	 -0.104985 
 0.040600 	 0.000458 	 -0.104839 
 0.040700 	 0.000448 	 -0.104680 
 0.040800 	 0.000437 	 -0.104505 
 0.040900 	 0.000427 	 -0.104317 
 0.041000 	 0.000416 	 -0.104114 
 0.041100 	 0.000406 	 -0.103897 
 0.041200 	 0.000396 	 -0.103667 
 0.041300 	 0.000385 	 -0.103422 
 0.041400 	 0.000375 	 -0.103162 
 0.041500 	 0.000365 	 -0.102889 
 0.041600 	 0.000354 	 -0.102602 
 0.041700 	 0.000344 	 -0.102301 
 0.041800 	 0.000334 	 -0.101986 
 0.041900 	 0.000324 	 -0.101657 
 0.042000 	 0.000314 	 -0.101314 
 0.042100 	 0.000304 	 -0.100958 
 0.042200 	 0.000293 	 -0.100587 
 0.042300 	 0.000283 	 -0.100203 
 0.042400 	 0.000273 	 -0.099806 
 0.042500 	 0.000263 	 -0.099395 
 0.042600 	 0.000254 	 -0.098970 
 0.042700 	 0.000244 	 -0.098532 
 0.042800 	 0.000234 	 -0.098081 
 0.042900 	 0.000224 	 -0.097616 
 0.043000 	 0.000214 	 -0.097138 
 0.043100 	 0.000205 	 -0.096646 
 0.043200 	 0.000195 	 -0.096142 
 0.043300 	 0.000185 	 -0.095625 
 0.043400 	 0.000176 	 -0.095094 
 0.043500 	 0.000166 	 -0.094551 
 0.043600 	 0.000157 	 -0.093995 
 0.043700 	 0.000148 	 -0.093426 
 0.043800 	 0.000138 	 -0.092845 
 0.043900 	 0.000129 	 -0.092251 
 0.044000 	 0.000120 	 -0.091644 
 0.044100 	 0.000111 	 -0.091025 
 0.044200 	 0.000102 	 -0.090394 
 0.044300 	 0.000093 	 -0.089750 
 0.044400 	 0.000084 	 -0.089095 
 0.044500 	 0.000075 	 -0.088427 
 0.044600 	 0.000066 	 -0.087748 
 0.044700 	 0.000057 	 -0.087056 
 0.044800 	 0.000049 	 -0.086353 
 0.044900 	 0.000040 	 -0.085638 
 0.045000 	 0.000031 	 -0.084912 
 0.045100 	 0.000023 	 -0.084174 
 0.045200 	 0.000015 	 -0.083425 
 0.045300 	 0.000006 	 -0.082664 
 0.045400 	 -0.000002 	 -0.081893 
 0.045500 	 -0.000010 	 -0.081110 
 0.045600 	 -0.000018 	 -0.080317 
 0.045700 	 -0.000026 	 -0.079513 
 0.045800 	 -0.000034 	 -0.078698 
 0.045900 	 -0.000042 	 -0.077872 
 0.046000 	 -0.000050 	 -0.077037 
 0.046100 	 -0.000057 	 -0.076190 
 0.046200 	 -0.000065 	 -0.075334 
 0.046300 	 -0.000072 	 -0.074468 
 0.046400 	 -0.000080 	 -0.073591 
 0.046500 	 -0.000087 	 -0.072705 
 0.046600 	 -0.000094 	 -0.071809 
 0.046700 	 -0.000101 	 -0.070904 
 0.046800 	 -0.000109 	 -0.069989 
 0.046900 	 -0.000115 	 -0.069064 
 0.047000 	 -0.000122 	 -0.068131 
 0.047100 	 -0.000129 	 -0.067189 
 0.047200 	 -0.000136 	 -0.066237 
 0.047300 	 -0.000142 	 -0.065277 
 0.047400 	 -0.000149 	 -0.064308 
 0.047500 	 -0.000155 	 -0.063331 
 0.047600 	 -0.000161 	 -0.062345 
 0.047700 	 -0.000168 	 -0.061352 
 0.047800 	 -0.000174 	 -0.060350 
 0.047900 	 -0.000180 	 -0.059340 
 0.048000 	 -0.000186 	 -0.058322 
 0.048100 	 -0.000191 	 -0.057297 
 0.048200 	 -0.000197 	 -0.056264 
 0.048300 	 -0.000203 	 -0.055224 
 0.048400 	 -0.000208 	 -0.054177 
 0.048500 	 -0.000213 	 -0.053123 
 0.048600 	 -0.000219 	 -0.052062 
 0.048700 	 -0.000224 	 -0.050994 
 0.048800 	 -0.000229 	 -0.049919 
 0.048900 	 -0.000234 	 -0.048838 
 0.049000 	 -0.000239 	 -0.047751 
 0.049100 	 -0.000243 	 -0.046658 
 0.049200 	 -0.000248 	 -0.045558 
 0.049300 	 -0.000253 	 -0.044453 
 0.049400 	 -0.000257 	 -0.043342 
 0.049500 	 -0.000261 	 -0.042226 
 0.049600 	 -0.000265 	 -0.041105 
 0.049700 	 -0.000269 	 -0.039978 
 0.049800 	 -0.000273 	 -0.038846 
 0.049900 	 -0.000277 	 -0.037710 
 0.050000 	 -0.000281 	 -0.036568 
 0.050100 	 -0.000285 	 -0.035422 
 0.050200 	 -0.000288 	 -0.034272 
 0.050300 	 -0.000291 	 -0.033118 
 0.050400 	 -0.000295 	 -0.031959 
 0.050500 	 -0.000298 	 -0.030797 
 0.050600 	 -0.000301 	 -0.029631 
 0.050700 	 -0.000304 	 -0.028462 
 0.050800 	 -0.000306 	 -0.027289 
 0.050900 	 -0.000309 	 -0.026113 
 0.051000 	 -0.000312 	 -0.024934 
 0.051100 	 -0.000314 	 -0.023752 
 0.051200 	 -0.000316 	 -0.022568 
 0.051300 	 -0.000319 	 -0.021381 
 0.051400 	 -0.000321 	 -0.020191 
 0.051500 	 -0.000323 	 -0.019000 
 0.051600 	 -0.000325 	 -0.017806 
 0.051700 	 -0.000326 	 -0.016611 
 0.051800 	 -0.000328 	 -0.015413 
 0.051900 	 -0.000329 	 -0.014215 
 0.052000 	 -0.000331 	 -0.013015 
 0.052100 	 -0.000332 	 -0.011814 
 0.052200 	 -0.000333 	 -0.010612 
 0.052300 	 -0.000334 	 -0.009409 
 0.052400 	 -0.000335 	 -0.008206 
 0.052500 	 -0.000336 	 -0.007002 
 0.052600 	 -0.000336 	 -0.005798 
 0.052700 	 -0.000337 	 -0.004594 
 0.052800 	 -0.000337 	 -0.003389 
 0.052900 	 -0.000338 	 -0.002185 
 0.053000 	 -0.000338 	 -0.000982 
 0.053100 	 -0.000338 	 0.000221 
 0.053200 	 -0.000338 	 0.001423 
 0.053300 	 -0.000337 	 0.002624 
 0.053400 	 -0.000337 	 0.003825 
 0.053500 	 -0.000337 	 0.005024 
 0.053600 	 -0.000336 	 0.006221 
 0.053700 	 -0.000335 	 0.007417 
 0.053800 	 -0.000335 	 0.008611 
 0.053900 	 -0.000334 	 0.009803 
 0.054000 	 -0.000333 	 0.010993 
 0.054100 	 -0.000332 	 0.012181 
 0.054200 	 -0.000330 	 0.013366 
 0.054300 	 -0.000329 	 0.014548 
 0.054400 	 -0.000327 	 0.015728 
 0.054500 	 -0.000326 	 0.016905 
 0.054600 	 -0.000324 	 0.018078 
 0.054700 	 -0.000322 	 0.019249 
 0.054800 	 -0.000320 	 0.020416 
 0.054900 	 -0.000318 	 0.021579 
 0.055000 	 -0.000316 	 0.022738 
 0.055100 	 -0.000313 	 0.023893 
 0.055200 	 -0.000311 	 0.025045 
 0.055300 	 -0.000308 	 0.026192 
 0.055400 	 -0.000306 	 0.027334 
 0.055500 	 -0.000303 	 0.028472 
 0.055600 	 -0.000300 	 0.029605 
 0.055700 	 -0.000297 	 0.030733 
 0.055800 	 -0.000294 	 0.031856 
 0.055900 	 -0.000291 	 0.032973 
 0.056000 	 -0.000287 	 0.034085 
 0.056100 	 -0.000284 	 0.035192 
 0.056200 	 -0.000280 	 0.036293 
 0.056300 	 -0.000277 	 0.037387 
 0.056400 	 -0.000273 	 0.038476 
 0.056500 	 -0.000269 	 0.039559 
 0.056600 	 -0.000265 	 0.040635 
 0.056700 	 -0.000261 	 0.041704 
 0.056800 	 -0.000257 	 0.042767 
 0.056900 	 -0.000252 	 0.043823 
 0.057000 	 -0.000248 	 0.044872 
 0.057100 	 -0.000243 	 0.045914 
 0.057200 	 -0.000239 	 0.046948 
 0.057300 	 -0.000234 	 0.047976 
 0.057400 	 -0.000229 	 0.048995 
 0.057500 	 -0.000224 	 0.050007 
 0.057600 	 -0.000219 	 0.051011 
 0.057700 	 -0.000214 	 0.052006 
 0.057800 	 -0.000209 	 0.052994 
 0.057900 	 -0.000203 	 0.053973 
 0.058000 	 -0.000198 	 0.054944 
 0.058100 	 -0.000192 	 0.055906 
 0.058200 	 -0.000187 	 0.056860 
 0.058300 	 -0.000181 	 0.057804 
 0.058400 	 -0.000175 	 0.058740 
 0.058500 	 -0.000169 	 0.059666 
 0.058600 	 -0.000163 	 0.060584 
 0.058700 	 -0.000157 	 0.061491 
 0.058800 	 -0.000151 	 0.062390 
 0.058900 	 -0.000145 	 0.063278 
 0.059000 	 -0.000138 	 0.064157 
 0.059100 	 -0.000132 	 0.065026 
 0.059200 	 -0.000125 	 0.065885 
 0.059300 	 -0.000119 	 0.066733 
 0.059400 	 -0.000112 	 0.067572 
 0.059500 	 -0.000105 	 0.068400 
 0.059600 	 -0.000098 	 0.069217 
 0.059700 	 -0.000091 	 0.070024 
 0.059800 	 -0.000084 	 0.070820 
 0.059900 	 -0.000077 	 0.071605 
 0.060000 	 -0.000070 	 0.072379 
 0.060100 	 -0.000063 	 0.073142 
 0.060200 	 -0.000055 	 0.073894 
 0.060300 	 -0.000048 	 0.074634 
 0.060400 	 -0.000040 	 0.075364 
 0.060500 	 -0.000033 	 0.076081 
 0.060600 	 -0.000025 	 0.076787 
 0.060700 	 -0.000017 	 0.077481 
 0.060800 	 -0.000010 	 0.078164 
 0.060900 	 -0.000002 	 0.078834 
 0.061000 	 0.000006 	 0.079493 
 0.061100 	 0.000014 	 0.080139 
 0.061200 	 0.000022 	 0.080773 
 0.061300 	 0.000030 	 0.081395 
 0.061400 	 0.000039 	 0.082004 
 0.061500 	 0.000047 	 0.082601 
 0.061600 	 0.000055 	 0.083186 
 0.061700 	 0.000063 	 0.083758 
 0.061800 	 0.000072 	 0.084317 
 0.061900 	 0.000080 	 0.084863 
 0.062000 	 0.000089 	 0.085396 
 0.062100 	 0.000097 	 0.085917 
 0.062200 	 0.000106 	 0.086424 
 0.062300 	 0.000115 	 0.086918 
 0.062400 	 0.000123 	 0.087399 
 0.062500 	 0.000132 	 0.087867 
 0.062600 	 0.000141 	 0.088322 
 0.062700 	 0.000150 	 0.088763 
 0.062800 	 0.000159 	 0.089191 
 0.062900 	 0.000168 	 0.089605 
 0.063000 	 0.000177 	 0.090006 
 0.063100 	 0.000186 	 0.090393 
 0.063200 	 0.000195 	 0.090766 
 0.063300 	 0.000204 	 0.091126 
 0.063400 	 0.000213 	 0.091472 
 0.063500 	 0.000222 	 0.091804 
 0.063600 	 0.000231 	 0.092122 
 0.063700 	 0.000240 	 0.092426 
 0.063800 	 0.000250 	 0.092716 
 0.063900 	 0.000259 	 0.092993 
 0.064000 	 0.000268 	 0.093255 
 0.064100 	 0.000278 	 0.093503 
 0.064200 	 0.000287 	 0.093737 
 0.064300 	 0.000296 	 0.093957 
 0.064400 	 0.000306 	 0.094163 
 0.064500 	 0.000315 	 0.094354 
 0.064600 	 0.000325 	 0.094532 
 0.064700 	 0.000334 	 0.094695 
 0.064800 	 0.000344 	 0.094844 
 0.064900 	 0.000353 	 0.094978 
 0.065000 	 0.000363 	 0.095098 
 0.065100 	 0.000372 	 0.095204 
 0.065200 	 0.000382 	 0.095296 
 0.065300 	 0.000391 	 0.095373 
 0.065400 	 0.000401 	 0.095435 
 0.065500 	 0.000410 	 0.095484 
 0.065600 	 0.000420 	 0.095518 
 0.065700 	 0.000429 	 0.095537 
 0.065800 	 0.000439 	 0.095543 
 0.065900 	 0.000448 	 0.095533 
 0.066000 	 0.000458 	 0.095510 
 0.066100 	 0.000468 	 0.095472 
 0.066200 	 0.000477 	 0.095419 
 0.066300 	 0.000487 	 0.095353 
 0.066400 	 0.000496 	 0.095272 
 0.066500 	 0.000506 	 0.095176 
 0.066600 	 0.000515 	 0.095066 
 0.066700 	 0.000525 	 0.094942 
 0.066800 	 0.000534 	 0.094804 
 0.066900 	 0.000544 	 0.094651 
 0.067000 	 0.000553 	 0.094484 
 0.067100 	 0.000563 	 0.094303 
 0.067200 	 0.000572 	 0.094108 
 0.067300 	 0.000581 	 0.093898 
 0.067400 	 0.000591 	 0.093674 
 0.067500 	 0.000600 	 0.093437 
 0.067600 	 0.000609 	 0.093185 
 0.067700 	 0.000619 	 0.092919 
 0.067800 	 0.000628 	 0.092639 
 0.067900 	 0.000637 	 0.092345 
 0.068000 	 0.000647 	 0.092037 
 0.068100 	 0.000656 	 0.091715 
 0.068200 	 0.000665 	 0.091380 
 0.068300 	 0.000674 	 0.091030 
 0.068400 	 0.000683 	 0.090667 
 0.068500 	 0.000692 	 0.090290 
 0.068600 	 0.000701 	 0.089900 
 0.068700 	 0.000710 	 0.089496 
 0.068800 	 0.000719 	 0.089079 
 0.068900 	 0.000728 	 0.088648 
 0.069000 	 0.000737 	 0.088204 
 0.069100 	 0.000746 	 0.087746 
 0.069200 	 0.000754 	 0.087275 
 0.069300 	 0.000763 	 0.086791 
 0.069400 	 0.000772 	 0.086294 
 0.069500 	 0.000780 	 0.085784 
 0.069600 	 0.000789 	 0.085261 
 0.069700 	 0.000797 	 0.084725 
 0.069800 	 0.000806 	 0.084176 
 0.069900 	 0.000814 	 0.083614 
 0.070000 	 0.000822 	 0.083040 
 0.070100 	 0.000831 	 0.082453 
 0.070200 	 0.000839 	 0.081854 
 0.070300 	 0.000847 	 0.081242 
 0.070400 	 0.000855 	 0.080619 
 0.070500 	 0.000863 	 0.079982 
 0.070600 	 0.000871 	 0.079334 
 0.070700 	 0.000879 	 0.078674 
 0.070800 	 0.000887 	 0.078001 
 0.070900 	 0.000895 	 0.077317 
 0.071000 	 0.000902 	 0.076621 
 0.071100 	 0.000910 	 0.075914 
 0.071200 	 0.000918 	 0.075195 
 0.071300 	 0.000925 	 0.074465 
 0.071400 	 0.000932 	 0.073723 
 0.071500 	 0.000940 	 0.072970 
 0.071600 	 0.000947 	 0.072206 
 0.071700 	 0.000954 	 0.071431 
 0.071800 	 0.000961 	 0.070645 
 0.071900 	 0.000968 	 0.069848 
 0.072000 	 0.000975 	 0.069040 
 0.072100 	 0.000982 	 0.068222 
 0.072200 	 0.000989 	 0.067394 
 0.072300 	 0.000996 	 0.066555 
 0.072400 	 0.001002 	 0.065707 
 0.072500 	 0.001009 	 0.064848 
 0.072600 	 0.001015 	 0.063979 
 0.072700 	 0.001022 	 0.063100 
 0.072800 	 0.001028 	 0.062212 
 0.072900 	 0.001034 	 0.061314 
 0.073000 	 0.001040 	 0.060407 
 0.073100 	 0.001046 	 0.059490 
 0.073200 	 0.001052 	 0.058564 
 0.073300 	 0.001058 	 0.057630 
 0.073400 	 0.001064 	 0.056686 
 0.073500 	 0.001069 	 0.055734 
 0.073600 	 0.001075 	 0.054772 
 0.073700 	 0.001080 	 0.053803 
 0.073800 	 0.001085 	 0.052825 
 0.073900 	 0.001091 	 0.051839 
 0.074000 	 0.001096 	 0.050845 
 0.074100 	 0.001101 	 0.049843 
 0.074200 	 0.001106 	 0.048833 
 0.074300 	 0.001111 	 0.047816 
 0.074400 	 0.001115 	 0.046791 
 0.074500 	 0.001120 	 0.045759 
 0.074600 	 0.001125 	 0.044720 
 0.074700 	 0.001129 	 0.043673 
 0.074800 	 0.001133 	 0.042620 
 0.074900 	 0.001137 	 0.041560 
 0.075000 	 0.001142 	 0.040494 
 0.075100 	 0.001146 	 0.039421 
 0.075200 	 0.001149 	 0.038341 
 0.075300 	 0.001153 	 0.037256 
 0.075400 	 0.001157 	 0.036165 
 0.075500 	 0.001160 	 0.035068 
 0.075600 	 0.001164 	 0.033965 
 0.075700 	 0.001167 	 0.032857 
 0.075800 	 0.001170 	 0.031744 
 0.075900 	 0.001174 	 0.030625 
 0.076000 	 0.001177 	 0.029502 
 0.076100 	 0.001180 	 0.028373 
 0.076200 	 0.001182 	 0.027240 
 0.076300 	 0.001185 	 0.026103 
 0.076400 	 0.001188 	 0.024961 
 0.076500 	 0.001190 	 0.023815 
 0.076600 	 0.001192 	 0.022665 
 0.076700 	 0.001194 	 0.021511 
 0.076800 	 0.001197 	 0.020354 
 0.076900 	 0.001199 	 0.019193 
 0.077000 	 0.001200 	 0.018028 
 0.077100 	 0.001202 	 0.016861 
 0.077200 	 0.001204 	 0.015690 
 0.077300 	 0.001205 	 0.014517 
 0.077400 	 0.001207 	 0.013341 
 0.077500 	 0.001208 	 0.012162 
 0.077600 	 0.001209 	 0.010982 
 0.077700 	 0.001210 	 0.009799 
 0.077800 	 0.001211 	 0.008614 
 0.077900 	 0.001212 	 0.007427 
 0.078000 	 0.001213 	 0.006239 
 0.078100 	 0.001213 	 0.005049 
 0.078200 	 0.001214 	 0.003858 
 0.078300 	 0.001214 	 0.002666 
 0.078400 	 0.001214 	 0.001472 
 0.078500 	 0.001214 	 0.000279 
 0.078600 	 0.001214 	 -0.000916 
 0.078700 	 0.001214 	 -0.002111 
 0.078800 	 0.001214 	 -0.003306 
 0.078900 	 0.001213 	 -0.004502 
 0.079000 	 0.001213 	 -0.005697 
 0.079100 	 0.001212 	 -0.006892 
 0.079200 	 0.001211 	 -0.008086 
 0.079300 	 0.001211 	 -0.009280 
 0.079400 	 0.001210 	 -0.010473 
 0.079500 	 0.001208 	 -0.011665 
 0.079600 	 0.001207 	 -0.012856 
 0.079700 	 0.001206 	 -0.014046 
 0.079800 	 0.001204 	 -0.015234 
 0.079900 	 0.001203 	 -0.016421 
 0.080000 	 0.001201 	 -0.017606 
 0.080100 	 0.001199 	 -0.018789 
 0.080200 	 0.001197 	 -0.019969 
 0.080300 	 0.001195 	 -0.021148 
 0.080400 	 0.001193 	 -0.022324 
 0.080500 	 0.001191 	 -0.023497 
 0.080600 	 0.001188 	 -0.024667 
 0.080700 	 0.001186 	 -0.025835 
 0.080800 	 0.001183 	 -0.026999 
 0.080900 	 0.001181 	 -0.028160 
 0.081000 	 0.001178 	 -0.029317 
 0.081100 	 0.001175 	 -0.030471 
 0.081200 	 0.001172 	 -0.031620 
 0.081300 	 0.001168 	 -0.032766 
 0.081400 	 0.001165 	 -0.033908 
 0.081500 	 0.001162 	 -0.035045 
 0.081600 	 0.001158 	 -0.036178 
 0.081700 	 0.001154 	 -0.037306 
 0.081800 	 0.001151 	 -0.038429 
 0.081900 	 0.001147 	 -0.039548 
 0.082000 	 0.001143 	 -0.040661 
 0.082100 	 0.001139 	 -0.041769 
 0.082200 	 0.001134 	 -0.042871 
 0.082300 	 0.001130 	 -0.043968 
 0.082400 	 0.001126 	 -0.045059 
 0.082500 	 0.001121 	 -0.046144 
 0.082600 	 0.001116 	 -0.047223 
 0.082700 	 0.001112 	 -0.048295 
 0.082800 	 0.001107 	 -0.049361 
 0.082900 	 0.001102 	 -0.050421 
 0.083000 	 0.001097 	 -0.051474 
 0.083100 	 0.001091 	 -0.052520 
 0.083200 	 0.001086 	 -0.053559 
 0.083300 	 0.001081 	 -0.054591 
 0.083400 	 0.001075 	 -0.055615 
 0.083500 	 0.001070 	 -0.056632 
 0.083600 	 0.001064 	 -0.057642 
 0.083700 	 0.001058 	 -0.058643 
 0.083800 	 0.001052 	 -0.059637 
 0.083900 	 0.001046 	 -0.060623 
 0.084000 	 0.001040 	 -0.061600 
 0.084100 	 0.001034 	 -0.062569 
 0.084200 	 0.001027 	 -0.063530 
 0.084300 	 0.001021 	 -0.064482 
 0.084400 	 0.001015 	 -0.065425 
 0.084500 	 0.001008 	 -0.066359 
 0.084600 	 0.001001 	 -0.067285 
 0.084700 	 0.000994 	 -0.068201 
 0.084800 	 0.000988 	 -0.069108 
 0.084900 	 0.000981 	 -0.070005 
 0.085000 	 0.000974 	 -0.070893 
 0.085100 	 0.000966 	 -0.071771 
 0.085200 	 0.000959 	 -0.072640 
 0.085300 	 0.000952 	 -0.073498 
 0.085400 	 0.000945 	 -0.074346 
 0.085500 	 0.000937 	 -0.075185 
 0.085600 	 0.000930 	 -0.076013 
 0.085700 	 0.000922 	 -0.076830 
 0.085800 	 0.000914 	 -0.077637 
 0.085900 	 0.000906 	 -0.078433 
 0.086000 	 0.000898 	 -0.079219 
 0.086100 	 0.000891 	 -0.079993 
 0.086200 	 0.000882 	 -0.080757 
 0.086300 	 0.000874 	 -0.081510 
 0.086400 	 0.000866 	 -0.082251 
 0.086500 	 0.000858 	 -0.082981 
 0.086600 	 0.000850 	 -0.083699 
 0.086700 	 0.000841 	 -0.084406 
 0.086800 	 0.000833 	 -0.085102 
 0.086900 	 0.000824 	 -0.085785 
 0.087000 	 0.000816 	 -0.086457 
 0.087100 	 0.000807 	 -0.087117 
 0.087200 	 0.000798 	 -0.087765 
 0.087300 	 0.000789 	 -0.088400 
 0.087400 	 0.000780 	 -0.089024 
 0.087500 	 0.000772 	 -0.089635 
 0.087600 	 0.000763 	 -0.090234 
 0.087700 	 0.000753 	 -0.090820 
 0.087800 	 0.000744 	 -0.091394 
 0.087900 	 0.000735 	 -0.091955 
 0.088000 	 0.000726 	 -0.092503 
 0.088100 	 0.000717 	 -0.093039 
 0.088200 	 0.000707 	 -0.093561 
 0.088300 	 0.000698 	 -0.094071 
 0.088400 	 0.000689 	 -0.094568 
 0.088500 	 0.000679 	 -0.095051 
 0.088600 	 0.000670 	 -0.095521 
 0.088700 	 0.000660 	 -0.095978 
 0.088800 	 0.000650 	 -0.096422 
 0.088900 	 0.000641 	 -0.096853 
 0.089000 	 0.000631 	 -0.097270 
 0.089100 	 0.000621 	 -0.097673 
 0.089200 	 0.000611 	 -0.098063 
 0.089300 	 0.000602 	 -0.098439 
 0.089400 	 0.000592 	 -0.098802 
 0.089500 	 0.000582 	 -0.099151 
 0.089600 	 0.000572 	 -0.099486 
 0.089700 	 0.000562 	 -0.099807 
 0.089800 	 0.000552 	 -0.100114 
 0.089900 	 0.000542 	 -0.100408 
 0.090000 	 0.000532 	 -0.100687 
 0.090100 	 0.000522 	 -0.100953 
 0.090200 	 0.000512 	 -0.101204 
 0.090300 	 0.000502 	 -0.101442 
 0.090400 	 0.000491 	 -0.101665 
 0.090500 	 0.000481 	 -0.101874 
 0.090600 	 0.000471 	 -0.102069 
 0.090700 	 0.000461 	 -0.102250 
 0.090800 	 0.000451 	 -0.102416 
 0.090900 	 0.000440 	 -0.102569 
 0.091000 	 0.000430 	 -0.102707 
 0.091100 	 0.000420 	 -0.102830 
 0.091200 	 0.000409 	 -0.102940 
 0.091300 	 0.000399 	 -0.103035 
 0.091400 	 0.000389 	 -0.103115 
 0.091500 	 0.000379 	 -0.103182 
 0.091600 	 0.000368 	 -0.103234 
 0.091700 	 0.000358 	 -0.103271 
 0.091800 	 0.000348 	 -0.103295 
 0.091900 	 0.000337 	 -0.103304 
 0.092000 	 0.000327 	 -0.103298 
 0.092100 	 0.000317 	 -0.103278 
 0.092200 	 0.000306 	 -0.103244 
 0.092300 	 0.000296 	 -0.103195 
 0.092400 	 0.000286 	 -0.103132 
 0.092500 	 0.000275 	 -0.103055 
 0.092600 	 0.000265 	 -0.102963 
 0.092700 	 0.000255 	 -0.102857 
 0.092800 	 0.000244 	 -0.102736 
 0.092900 	 0.000234 	 -0.102602 
 0.093000 	 0.000224 	 -0.102453 
 0.093100 	 0.000214 	 -0.102289 
 0.093200 	 0.000203 	 -0.102112 
 0.093300 	 0.000193 	 -0.101920 
 0.093400 	 0.000183 	 -0.101714 
 0.093500 	 0.000173 	 -0.101494 
 0.093600 	 0.000163 	 -0.101259 
 0.093700 	 0.000153 	 -0.101011 
 0.093800 	 0.000143 	 -0.100749 
 0.093900 	 0.000133 	 -0.100472 
 0.094000 	 0.000123 	 -0.100182 
 0.094100 	 0.000113 	 -0.099877 
 0.094200 	 0.000103 	 -0.099559 
 0.094300 	 0.000093 	 -0.099227 
 0.094400 	 0.000083 	 -0.098881 
 0.094500 	 0.000073 	 -0.098521 
 0.094600 	 0.000063 	 -0.098148 
 0.094700 	 0.000053 	 -0.097761 
 0.094800 	 0.000043 	 -0.097360 
 0.094900 	 0.000034 	 -0.096946 
 0.095000 	 0.000024 	 -0.096518 
 0.095100 	 0.000014 	 -0.096077 
 0.095200 	 0.000005 	 -0.095622 
 0.095300 	 -0.000005 	 -0.095154 
 0.095400 	 -0.000014 	 -0.094673 
 0.095500 	 -0.000024 	 -0.094179 
 0.095600 	 -0.000033 	 -0.093672 
 0.095700 	 -0.000042 	 -0.093152 
 0.095800 	 -0.000052 	 -0.092618 
 0.095900 	 -0.000061 	 -0.092072 
 0.096000 	 -0.000070 	 -0.091513 
 0.096100 	 -0.000079 	 -0.090942 
 0.096200 	 -0.000088 	 -0.090357 
 0.096300 	 -0.000097 	 -0.089761 
 0.096400 	 -0.000106 	 -0.089151 
 0.096500 	 -0.000115 	 -0.088530 
 0.096600 	 -0.000124 	 -0.087896 
 0.096700 	 -0.000133 	 -0.087250 
 0.096800 	 -0.000141 	 -0.086591 
 0.096900 	 -0.000150 	 -0.085921 
 0.097000 	 -0.000159 	 -0.085239 
 0.097100 	 -0.000167 	 -0.084545 
 0.097200 	 -0.000175 	 -0.083840 
 0.097300 	 -0.000184 	 -0.083122 
 0.097400 	 -0.000192 	 -0.082394 
 0.097500 	 -0.000200 	 -0.081654 
 0.097600 	 -0.000208 	 -0.080902 
 0.097700 	 -0.000216 	 -0.080139 
 0.097800 	 -0.000224 	 -0.079366 
 0.097900 	 -0.000232 	 -0.078581 
 0.098000 	 -0.000240 	 -0.077786 
 0.098100 	 -0.000248 	 -0.076979 
 0.098200 	 -0.000256 	 -0.076162 
 0.098300 	 -0.000263 	 -0.075335 
 0.098400 	 -0.000271 	 -0.074497 
 0.098500 	 -0.000278 	 -0.073649 
 0.098600 	 -0.000285 	 -0.072791 
 0.098700 	 -0.000293 	 -0.071923 
 0.098800 	 -0.000300 	 -0.071045 
 0.098900 	 -0.000307 	 -0.070157 
 0.099000 	 -0.000314 	 -0.069259 
 0.099100 	 -0.000321 	 -0.068352 
 0.099200 	 -0.000327 	 -0.067436 
 0.099300 	 -0.000334 	 -0.066510 
 0.099400 	 -0.000341 	 -0.065575 
 0.099500 	 -0.000347 	 -0.064631 
 0.099600 	 -0.000354 	 -0.063678 
 0.099700 	 -0.000360 	 -0.062717 
 0.099800 	 -0.000366 	 -0.061747 
 0.099900 	 -0.000372 	 -0.060769 
 0.100000 	 -0.000378 	 -0.059782 
 0.100100 	 -0.000384 	 -0.058787 
 0.100200 	 -0.000390 	 -0.057784 
 0.100300 	 -0.000396 	 -0.056773 
 0.100400 	 -0.000401 	 -0.055755 
 0.100500 	 -0.000407 	 -0.054729 
 0.100600 	 -0.000412 	 -0.053695 
 0.100700 	 -0.000418 	 -0.052655 
 0.100800 	 -0.000423 	 -0.051607 
 0.100900 	 -0.000428 	 -0.050552 
 0.101000 	 -0.000433 	 -0.049490 
 0.101100 	 -0.000438 	 -0.048422 
 0.101200 	 -0.000443 	 -0.047347 
 0.101300 	 -0.000447 	 -0.046265 
 0.101400 	 -0.000452 	 -0.045178 
 0.101500 	 -0.000456 	 -0.044084 
 0.101600 	 -0.000461 	 -0.042985 
 0.101700 	 -0.000465 	 -0.041879 
 0.101800 	 -0.000469 	 -0.040769 
 0.101900 	 -0.000473 	 -0.039652 
 0.102000 	 -0.000477 	 -0.038531 
 0.102100 	 -0.000481 	 -0.037404 
 0.102200 	 -0.000485 	 -0.036272 
 0.102300 	 -0.000488 	 -0.035136 
 0.102400 	 -0.000492 	 -0.033995 
 0.102500 	 -0.000495 	 -0.032850 
 0.102600 	 -0.000498 	 -0.031700 
 0.102700 	 -0.000501 	 -0.030546 
 0.102800 	 -0.000504 	 -0.029388 
 0.102900 	 -0.000507 	 -0.028227 
 0.103000 	 -0.000510 	 -0.027061 
 0.103100 	 -0.000513 	 -0.025893 
 0.103200 	 -0.000515 	 -0.024721 
 0.103300 	 -0.000518 	 -0.023546 
 0.103400 	 -0.000520 	 -0.022367 
 0.103500 	 -0.000522 	 -0.021187 
 0.103600 	 -0.000524 	 -0.020003 
 0.103700 	 -0.000526 	 -0.018817 
 0.103800 	 -0.000528 	 -0.017629 
 0.103900 	 -0.000530 	 -0.016439 
 0.104000 	 -0.000531 	 -0.015247 
 0.104100 	 -0.000533 	 -0.014053 
 0.104200 	 -0.000534 	 -0.012857 
 0.104300 	 -0.000535 	 -0.011660 
 0.104400 	 -0.000536 	 -0.010462 
 0.104500 	 -0.000537 	 -0.009262 
 0.104600 	 -0.000538 	 -0.008062 
 0.104700 	 -0.000539 	 -0.006861 
 0.104800 	 -0.000539 	 -0.005660 
 0.104900 	 -0.000540 	 -0.004458 
 0.105000 	 -0.000540 	 -0.003256 
 0.105100 	 -0.000541 	 -0.002053 
 0.105200 	 -0.000541 	 -0.000851 
 0.105300 	 -0.000541 	 0.000350 
 0.105400 	 -0.000541 	 0.001552 
 0.105500 	 -0.000541 	 0.002752 
 0.105600 	 -0.000540 	 0.003952 
 0.105700 	 -0.000540 	 0.005151 
 0.105800 	 -0.000539 	 0.006348 
 0.105900 	 -0.000538 	 0.007545 
 0.106000 	 -0.000538 	 0.008739 
 0.106100 	 -0.000537 	 0.009933 
 0.106200 	 -0.000536 	 0.011124 
 0.106300 	 -0.000534 	 0.012313 
 0.106400 	 -0.000533 	 0.013500 
 0.106500 	 -0.000532 	 0.014685 
 0.106600 	 -0.000530 	 0.015867 
 0.106700 	 -0.000529 	 0.017046 
 0.106800 	 -0.000527 	 0.018223 
 0.106900 	 -0.000525 	 0.019396 
 0.107000 	 -0.000523 	 0.020566 
 0.107100 	 -0.000521 	 0.021733 
 0.107200 	 -0.000519 	 0.022897 
 0.107300 	 -0.000516 	 0.024056 
 0.107400 	 -0.000514 	 0.025212 
 0.107500 	 -0.000511 	 0.026364 
 0.107600 	 -0.000509 	 0.027511 
 0.107700 	 -0.000506 	 0.028654 
 0.107800 	 -0.000503 	 0.029793 
 0.107900 	 -0.000500 	 0.030927 
 0.108000 	 -0.000497 	 0.032056 
 0.108100 	 -0.000493 	 0.033180 
 0.108200 	 -0.000490 	 0.034298 
 0.108300 	 -0.000486 	 0.035412 
 0.108400 	 -0.000483 	 0.036520 
 0.108500 	 -0.000479 	 0.037622 
 0.108600 	 -0.000475 	 0.038718 
 0.108700 	 -0.000471 	 0.039809 
 0.108800 	 -0.000467 	 0.040893 
 0.108900 	 -0.000463 	 0.041971 
 0.109000 	 -0.000459 	 0.043042 
 0.109100 	 -0.000455 	 0.044107 
 0.109200 	 -0.000450 	 0.045165 
 0.109300 	 -0.000446 	 0.046216 
 0.109400 	 -0.000441 	 0.047261 
 0.109500 	 -0.000436 	 0.048297 
 0.109600 	 -0.000431 	 0.049327 
 0.109700 	 -0.000426 	 0.050349 
 0.109800 	 -0.000421 	 0.051364 
 0.109900 	 -0.000416 	 0.052370 
 0.110000 	 -0.000411 	 0.053369 
 0.110100 	 -0.000405 	 0.054359 
 0.110200 	 -0.000400 	 0.055342 
 0.110300 	 -0.000394 	 0.056316 
 0.110400 	 -0.000389 	 0.057281 
 0.110500 	 -0.000383 	 0.058238 
 0.110600 	 -0.000377 	 0.059186 
 0.110700 	 -0.000371 	 0.060125 
 0.110800 	 -0.000365 	 0.061055 
 0.110900 	 -0.000359 	 0.061976 
 0.111000 	 -0.000353 	 0.062887 
 0.111100 	 -0.000346 	 0.063789 
 0.111200 	 -0.000340 	 0.064681 
 0.111300 	 -0.000333 	 0.065564 
 0.111400 	 -0.000327 	 0.066437 
 0.111500 	 -0.000320 	 0.067300 
 0.111600 	 -0.000313 	 0.068153 
 0.111700 	 -0.000306 	 0.068995 
 0.111800 	 -0.000299 	 0.069827 
 0.111900 	 -0.000292 	 0.070649 
 0.112000 	 -0.000285 	 0.071460 
 0.112100 	 -0.000278 	 0.072261 
 0.112200 	 -0.000271 	 0.073051 
 0.112300 	 -0.000263 	 0.073830 
 0.112400 	 -0.000256 	 0.074597 
 0.112500 	 -0.000249 	 0.075354 
 0.112600 	 -0.000241 	 0.076099 
 0.112700 	 -0.000233 	 0.076833 
 0.112800 	 -0.000226 	 0.077556 
 0.112900 	 -0.000218 	 0.078267 
 0.113000 	 -0.000210 	 0.078966 
 0.113100 	 -0.000202 	 0.079654 
 0.113200 	 -0.000194 	 0.080330 
 0.113300 	 -0.000186 	 0.080993 
 0.113400 	 -0.000178 	 0.081645 
 0.113500 	 -0.000170 	 0.082285 
 0.113600 	 -0.000161 	 0.082912 
 0.113700 	 -0.000153 	 0.083527 
 0.113800 	 -0.000145 	 0.084129 
 0.113900 	 -0.000136 	 0.084719 
 0.114000 	 -0.000128 	 0.085297 
 0.114100 	 -0.000119 	 0.085862 
 0.114200 	 -0.000111 	 0.086414 
 0.114300 	 -0.000102 	 0.086953 
 0.114400 	 -0.000093 	 0.087479 
 0.114500 	 -0.000084 	 0.087992 
 0.114600 	 -0.000076 	 0.088493 
 0.114700 	 -0.000067 	 0.088980 
 0.114800 	 -0.000058 	 0.089454 
 0.114900 	 -0.000049 	 0.089914 
 0.115000 	 -0.000040 	 0.090362 
 0.115100 	 -0.000031 	 0.090796 
 0.115200 	 -0.000022 	 0.091216 
 0.115300 	 -0.000013 	 0.091623 
 0.115400 	 -0.000003 	 0.092016 
 0.115500 	 0.000006 	 0.092396 
 0.115600 	 0.000015 	 0.092762 
 0.115700 	 0.000024 	 0.093114 
 0.115800 	 0.000034 	 0.093453 
 0.115900 	 0.000043 	 0.093777 
 0.116000 	 0.000053 	 0.094088 
 0.116100 	 0.000062 	 0.094385 
 0.116200 	 0.000071 	 0.094668 
 0.116300 	 0.000081 	 0.094937 
 0.116400 	 0.000090 	 0.095191 
 0.116500 	 0.000100 	 0.095432 
 0.116600 	 0.000109 	 0.095659 
 0.116700 	 0.000119 	 0.095871 
 0.116800 	 0.000129 	 0.096069 
 0.116900 	 0.000138 	 0.096253 
 0.117000 	 0.000148 	 0.096423 
 0.117100 	 0.000158 	 0.096578 
 0.117200 	 0.000167 	 0.096720 
 0.117300 	 0.000177 	 0.096847 
 0.117400 	 0.000187 	 0.096959 
 0.117500 	 0.000196 	 0.097057 
 0.117600 	 0.000206 	 0.097141 
 0.117700 	 0.000216 	 0.097211 
 0.117800 	 0.000225 	 0.097266 
 0.117900 	 0.000235 	 0.097307 
 0.118000 	 0.000245 	 0.097333 
 0.118100 	 0.000255 	 0.097345 
 0.118200 	 0.000264 	 0.097343 
 0.118300 	 0.000274 	 0.097326 
 0.118400 	 0.000284 	 0.097295 
 0.118500 	 0.000294 	 0.097249 
 0.118600 	 0.000303 	 0.097189 
 0.118700 	 0.000313 	 0.097115 
 0.118800 	 0.000323 	 0.097026 
 0.118900 	 0.000332 	 0.096923 
 0.119000 	 0.000342 	 0.096806 
 0.119100 	 0.000352 	 0.096674 
 0.119200 	 0.000361 	 0.096528 
 0.119300 	 0.000371 	 0.096368 
 0.119400 	 0.000381 	 0.096194 
 0.119500 	 0.000390 	 0.096005 
 0.119600 	 0.000400 	 0.095802 
 0.119700 	 0.000409 	 0.095585 
 0.119800 	 0.000419 	 0.095354 
 0.119900 	 0.000429 	 0.095108 
 0.120000 	 0.000438 	 0.094849 
 0.120100 	 0.000448 	 0.094576 
 0.120200 	 0.000457 	 0.094288 
 0.120300 	 0.000466 	 0.093987 
 0.120400 	 0.000476 	 0.093672 
 0.120500 	 0.000485 	 0.093343 
 0.120600 	 0.000494 	 0.093000 
 0.120700 	 0.000504 	 0.092643 
 0.120800 	 0.000513 	 0.092273 
 0.120900 	 0.000522 	 0.091889 
 0.121000 	 0.000531 	 0.091491 
 0.121100 	 0.000540 	 0.091080 
 0.121200 	 0.000550 	 0.090656 
 0.121300 	 0.000559 	 0.090218 
 0.121400 	 0.000568 	 0.089766 
 0.121500 	 0.000577 	 0.089302 
 0.121600 	 0.000585 	 0.088824 
 0.121700 	 0.000594 	 0.088333 
 0.121800 	 0.000603 	 0.087829 
 0.121900 	 0.000612 	 0.087312 
 0.122000 	 0.000621 	 0.086781 
 0.122100 	 0.000629 	 0.086239 
 0.122200 	 0.000638 	 0.085683 
 0.122300 	 0.000646 	 0.085114 
 0.122400 	 0.000655 	 0.084533 
 0.122500 	 0.000663 	 0.083940 
 0.122600 	 0.000672 	 0.083334 
 0.122700 	 0.000680 	 0.082716 
 0.122800 	 0.000688 	 0.082085 
 0.122900 	 0.000696 	 0.081442 
 0.123000 	 0.000704 	 0.080787 
 0.123100 	 0.000712 	 0.080120 
 0.123200 	 0.000720 	 0.079442 
 0.123300 	 0.000728 	 0.078751 
 0.123400 	 0.000736 	 0.078049 
 0.123500 	 0.000744 	 0.077335 
 0.123600 	 0.000752 	 0.076610 
 0.123700 	 0.000759 	 0.075873 
 0.123800 	 0.000767 	 0.075125 
 0.123900 	 0.000774 	 0.074366 
 0.124000 	 0.000782 	 0.073596 
 0.124100 	 0.000789 	 0.072814 
 0.124200 	 0.000796 	 0.072022 
 0.124300 	 0.000803 	 0.071220 
 0.124400 	 0.000811 	 0.070406 
 0.124500 	 0.000818 	 0.069582 
 0.124600 	 0.000824 	 0.068748 
 0.124700 	 0.000831 	 0.067904 
 0.124800 	 0.000838 	 0.067049 
 0.124900 	 0.000845 	 0.066184 
 0.125000 	 0.000851 	 0.065310 
 0.125100 	 0.000858 	 0.064426 
 0.125200 	 0.000864 	 0.063532 
 0.125300 	 0.000870 	 0.062628 
 0.125400 	 0.000877 	 0.061716 
 0.125500 	 0.000883 	 0.060794 
 0.125600 	 0.000889 	 0.059863 
 0.125700 	 0.000895 	 0.058923 
 0.125800 	 0.000901 	 0.057974 
 0.125900 	 0.000906 	 0.057016 
 0.126000 	 0.000912 	 0.056050 
 0.126100 	 0.000918 	 0.055075 
 0.126200 	 0.000923 	 0.054093 
 0.126300 	 0.000928 	 0.053102 
 0.126400 	 0.000934 	 0.052103 
 0.126500 	 0.000939 	 0.051096 
 0.126600 	 0.000944 	 0.050081 
 0.126700 	 0.000949 	 0.049059 
 0.126800 	 0.000954 	 0.048030 
 0.126900 	 0.000958 	 0.046993 
 0.127000 	 0.000963 	 0.045949 
 0.127100 	 0.000968 	 0.044899 
 0.127200 	 0.000972 	 0.043841 
 0.127300 	 0.000976 	 0.042777 
 0.127400 	 0.000981 	 0.041706 
 0.127500 	 0.000985 	 0.040629 
 0.127600 	 0.000989 	 0.039546 
 0.127700 	 0.000993 	 0.038456 
 0.127800 	 0.000996 	 0.037361 
 0.127900 	 0.001000 	 0.036260 
 0.128000 	 0.001004 	 0.035154 
 0.128100 	 0.001007 	 0.034042 
 0.128200 	 0.001011 	 0.032925 
 0.128300 	 0.001014 	 0.031802 
 0.128400 	 0.001017 	 0.030675 
 0.128500 	 0.001020 	 0.029543 
 0.128600 	 0.001023 	 0.028407 
 0.128700 	 0.001026 	 0.027266 
 0.128800 	 0.001028 	 0.026121 
 0.128900 	 0.001031 	 0.024972 
 0.129000 	 0.001033 	 0.023818 
 0.129100 	 0.001036 	 0.022661 
 0.129200 	 0.001038 	 0.021501 
 0.129300 	 0.001040 	 0.020337 
 0.129400 	 0.001042 	 0.019170 
 0.129500 	 0.001044 	 0.017999 
 0.129600 	 0.001045 	 0.016826 
 0.129700 	 0.001047 	 0.015650 
 0.129800 	 0.001049 	 0.014471 
 0.129900 	 0.001050 	 0.013290 
 0.130000 	 0.001051 	 0.012107 
 0.130100 	 0.001052 	 0.010921 
 0.130200 	 0.001053 	 0.009734 
 0.130300 	 0.001054 	 0.008545 
 0.130400 	 0.001055 	 0.007355 
 0.130500 	 0.001056 	 0.006163 
 0.130600 	 0.001056 	 0.004970 
 0.130700 	 0.001057 	 0.003775 
 0.130800 	 0.001057 	 0.002580 
 0.130900 	 0.001057 	 0.001384 
 0.131000 	 0.001057 	 0.000188 
 0.131100 	 0.001057 	 -0.001009 
 0.131200 	 0.001057 	 -0.002206 
 0.131300 	 0.001057 	 -0.003402 
 0.131400 	 0.001056 	 -0.004599 
 0.131500 	 0.001056 	 -0.005795 
 0.131600 	 0.001055 	 -0.006991 
 0.131700 	 0.001055 	 -0.008187 
 0.131800 	 0.001054 	 -0.009381 
 0.131900 	 0.001053 	 -0.010574 
 0.132000 	 0.001052 	 -0.011766 
 0.132100 	 0.001050 	 -0.012957 
 0.132200 	 0.001049 	 -0.014146 
 0.132300 	 0.001048 	 -0.015334 
 0.132400 	 0.001046 	 -0.016519 
 0.132500 	 0.001044 	 -0.017703 
 0.132600 	 0.001042 	 -0.018884 
 0.132700 	 0.001040 	 -0.020063 
 0.132800 	 0.001038 	 -0.021240 
 0.132900 	 0.001036 	 -0.022413 
 0.133000 	 0.001034 	 -0.023584 
 0.133100 	 0.001031 	 -0.024752 
 0.133200 	 0.001029 	 -0.025916 
 0.133300 	 0.001026 	 -0.027077 
 0.133400 	 0.001024 	 -0.028235 
 0.133500 	 0.001021 	 -0.029388 
 0.133600 	 0.001018 	 -0.030538 
 0.133700 	 0.001015 	 -0.031684 
 0.133800 	 0.001011 	 -0.032825 
 0.133900 	 0.001008 	 -0.033962 
 0.134000 	 0.001005 	 -0.035095 
 0.134100 	 0.001001 	 -0.036223 
 0.134200 	 0.000997 	 -0.037346 
 0.134300 	 0.000993 	 -0.038463 
 0.134400 	 0.000990 	 -0.039576 
 0.134500 	 0.000986 	 -0.040683 
 0.134600 	 0.000981 	 -0.041785 
 0.134700 	 0.000977 	 -0.042881 
 0.134800 	 0.000973 	 -0.043971 
 0.134900 	 0.000968 	 -0.045055 
 0.135000 	 0.000964 	 -0.046133 
 0.135100 	 0.000959 	 -0.047204 
 0.135200 	 0.000954 	 -0.048270 
 0.135300 	 0.000950 	 -0.049328 
 0.135400 	 0.000945 	 -0.050380 
 0.135500 	 0.000939 	 -0.051424 
 0.135600 	 0.000934 	 -0.052462 
 0.135700 	 0.000929 	 -0.053493 
 0.135800 	 0.000924 	 -0.054516 
 0.135900 	 0.000918 	 -0.055531 
 0.136000 	 0.000912 	 -0.056539 
 0.136100 	 0.000907 	 -0.057539 
 0.136200 	 0.000901 	 -0.058531 
 0.136300 	 0.000895 	 -0.059515 
 0.136400 	 0.000889 	 -0.060490 
 0.136500 	 0.000883 	 -0.061458 
 0.136600 	 0.000877 	 -0.062416 
 0.136700 	 0.000870 	 -0.063366 
 0.136800 	 0.000864 	 -0.064308 
 0.136900 	 0.000858 	 -0.065240 
 0.137000 	 0.000851 	 -0.066163 
 0.137100 	 0.000844 	 -0.067077 
 0.137200 	 0.000838 	 -0.067982 
 0.137300 	 0.000831 	 -0.068877 
 0.137400 	 0.000824 	 -0.069762 
 0.137500 	 0.000817 	 -0.070638 
 0.137600 	 0.000810 	 -0.071504 
 0.137700 	 0.000803 	 -0.072360 
 0.137800 	 0.000795 	 -0.073206 
 0.137900 	 0.000788 	 -0.074041 
 0.138000 	 0.000780 	 -0.074867 
 0.138100 	 0.000773 	 -0.075681 
 0.138200 	 0.000765 	 -0.076485 
 0.138300 	 0.000758 	 -0.077279 
 0.138400 	 0.000750 	 -0.078062 
 0.138500 	 0.000742 	 -0.078833 
 0.138600 	 0.000734 	 -0.079594 
 0.138700 	 0.000726 	 -0.080343 
 0.138800 	 0.000718 	 -0.081082 
 0.138900 	 0.000710 	 -0.081808 
 0.139000 	 0.000702 	 -0.082524 
 0.139100 	 0.000693 	 -0.083228 
 0.139200 	 0.000685 	 -0.083920 
 0.139300 	 0.000677 	 -0.084600 
 0.139400 	 0.000668 	 -0.085269 
 0.139500 	 0.000660 	 -0.085925 
 0.139600 	 0.000651 	 -0.086570 
 0.139700 	 0.000642 	 -0.087202 
 0.139800 	 0.000633 	 -0.087822 
 0.139900 	 0.000625 	 -0.088429 
 0.140000 	 0.000616 	 -0.089025 
 0.140100 	 0.000607 	 -0.089607 
 0.140200 	 0.000598 	 -0.090177 
 0.140300 	 0.000589 	 -0.090735 
 0.140400 	 0.000580 	 -0.091280 
 0.140500 	 0.000571 	 -0.091811 
 0.140600 	 0.000561 	 -0.092330 
 0.140700 	 0.000552 	 -0.092836 
 0.140800 	 0.000543 	 -0.093329 
 0.140900 	 0.000533 	 -0.093809 
 0.141000 	 0.000524 	 -0.094275 
 0.141100 	 0.000515 	 -0.094728 
 0.141200 	 0.000505 	 -0.095168 
 0.141300 	 0.000496 	 -0.095595 
 0.141400 	 0.000486 	 -0.096008 
 0.141500 	 0.000476 	 -0.096407 
 0.141600 	 0.000467 	 -0.096793 
 0.141700 	 0.000457 	 -0.097165 
 0.141800 	 0.000447 	 -0.097524 
 0.141900 	 0.000437 	 -0.097868 
 0.142000 	 0.000428 	 -0.098199 
 0.142100 	 0.000418 	 -0.098516 
 0.142200 	 0.000408 	 -0.098820 
 0.142300 	 0.000398 	 -0.099109 
 0.142400 	 0.000388 	 -0.099384 
 0.142500 	 0.000378 	 -0.099646 
 0.142600 	 0.000368 	 -0.099893 
 0.142700 	 0.000358 	 -0.100126 
 0.142800 	 0.000348 	 -0.100345 
 0.142900 	 0.000338 	 -0.100550 
 0.143000 	 0.000328 	 -0.100741 
 0.143100 	 0.000318 	 -0.100917 
 0.143200 	 0.000308 	 -0.101079 
 0.143300 	 0.000298 	 -0.101227 
 0.143400 	 0.000288 	 -0.101361 
 0.143500 	 0.000278 	 -0.101480 
 0.143600 	 0.000267 	 -0.101585 
 0.143700 	 0.000257 	 -0.101676 
 0.143800 	 0.000247 	 -0.101752 
 0.143900 	 0.000237 	 -0.101814 
 0.144000 	 0.000227 	 -0.101862 
 0.144100 	 0.000216 	 -0.101895 
 0.144200 	 0.000206 	 -0.101914 
 0.144300 	 0.000196 	 -0.101919 
 0.144400 	 0.000186 	 -0.101909 
 0.144500 	 0.000176 	 -0.101884 
 0.144600 	 0.000166 	 -0.101846 
 0.144700 	 0.000155 	 -0.101793 
 0.144800 	 0.000145 	 -0.101725 
 0.144900 	 0.000135 	 -0.101644 
 0.145000 	 0.000125 	 -0.101547 
 0.145100 	 0.000115 	 -0.101437 
 0.145200 	 0.000105 	 -0.101312 
 0.145300 	 0.000094 	 -0.101173 
 0.145400 	 0.000084 	 -0.101020 
 0.145500 	 0.000074 	 -0.100852 
 0.145600 	 0.000064 	 -0.100670 
 0.145700 	 0.000054 	 -0.100474 
 0.145800 	 0.000044 	 -0.100264 
 0.145900 	 0.000034 	 -0.100039 
 0.146000 	 0.000024 	 -0.099801 
 0.146100 	 0.000014 	 -0.099548 
 0.146200 	 0.000004 	 -0.099281 
 0.146300 	 -0.000006 	 -0.099001 
 0.146400 	 -0.000016 	 -0.098706 
 0.146500 	 -0.000026 	 -0.098397 
 0.146600 	 -0.000035 	 -0.098075 
 0.146700 	 -0.000045 	 -0.097738 
 0.146800 	 -0.000055 	 -0.097388 
 0.146900 	 -0.000065 	 -0.097024 
 0.147000 	 -0.000074 	 -0.096647 
 0.147100 	 -0.000084 	 -0.096256 
 0.147200 	 -0.000094 	 -0.095851 
 0.147300 	 -0.000103 	 -0.095433 
 0.147400 	 -0.000113 	 -0.095001 
 0.147500 	 -0.000122 	 -0.094556 
 0.147600 	 -0.000132 	 -0.094097 
 0.147700 	 -0.000141 	 -0.093625 
 0.147800 	 -0.000150 	 -0.093140 
 0.147900 	 -0.000160 	 -0.092642 
 0.148000 	 -0.000169 	 -0.092131 
 0.148100 	 -0.000178 	 -0.091607 
 0.148200 	 -0.000187 	 -0.091070 
 0.148300 	 -0.000196 	 -0.090520 
 0.148400 	 -0.000205 	 -0.089957 
 0.148500 	 -0.000214 	 -0.089382 
 0.148600 	 -0.000223 	 -0.088794 
 0.148700 	 -0.000232 	 -0.088193 
 0.148800 	 -0.000241 	 -0.087581 
 0.148900 	 -0.000249 	 -0.086955 
 0.149000 	 -0.000258 	 -0.086318 
 0.149100 	 -0.000267 	 -0.085668 
 0.149200 	 -0.000275 	 -0.085006 
 0.149300 	 -0.000284 	 -0.084333 
 0.149400 	 -0.000292 	 -0.083647 
 0.149500 	 -0.000300 	 -0.082950 
 0.149600 	 -0.000309 	 -0.082241 
 0.149700 	 -0.000317 	 -0.081521 
 0.149800 	 -0.000325 	 -0.080789 
 0.149900 	 -0.000333 	 -0.080045 
 0.150000 	 -0.000341 	 -0.079291 
 0.150100 	 -0.000349 	 -0.078525 
 0.150200 	 -0.000357 	 -0.077748 
 0.150300 	 -0.000364 	 -0.076960 
 0.150400 	 -0.000372 	 -0.076162 
 0.150500 	 -0.000380 	 -0.075352 
 0.150600 	 -0.000387 	 -0.074533 
 0.150700 	 -0.000395 	 -0.073702 
 0.150800 	 -0.000402 	 -0.072862 
 0.150900 	 -0.000409 	 -0.072011 
 0.151000 	 -0.000416 	 -0.071150 
 0.151100 	 -0.000423 	 -0.070279 
 0.151200 	 -0.000430 	 -0.069398 
 0.151300 	 -0.000437 	 -0.068508 
 0.151400 	 -0.000444 	 -0.067608 
 0.151500 	 -0.000451 	 -0.066698 
 0.151600 	 -0.000457 	 -0.065779 
 0.151700 	 -0.000464 	 -0.064851 
 0.151800 	 -0.000470 	 -0.063914 
 0.151900 	 -0.000477 	 -0.062968 
 0.152000 	 -0.000483 	 -0.062013 
 0.152100 	 -0.000489 	 -0.061049 
 0.152200 	 -0.000495 	 -0.060077 
 0.152300 	 -0.000501 	 -0.059097 
 0.152400 	 -0.000507 	 -0.058108 
 0.152500 	 -0.000513 	 -0.057111 
 0.152600 	 -0.000518 	 -0.056106 
 0.152700 	 -0.000524 	 -0.055094 
 0.152800 	 -0.000529 	 -0.054074 
 0.152900 	 -0.000535 	 -0.053046 
 0.153000 	 -0.000540 	 -0.052011 
 0.153100 	 -0.000545 	 -0.050968 
 0.153200 	 -0.000550 	 -0.049919 
 0.153300 	 -0.000555 	 -0.048862 
 0.153400 	 -0.000560 	 -0.047799 
 0.153500 	 -0.000565 	 -0.046729 
 0.153600 	 -0.000569 	 -0.045653 
 0.153700 	 -0.000574 	 -0.044571 
 0.153800 	 -0.000578 	 -0.043482 
 0.153900 	 -0.000583 	 -0.042387 
 0.154000 	 -0.000587 	 -0.041287 
 0.154100 	 -0.000591 	 -0.040180 
 0.154200 	 -0.000595 	 -0.039069 
 0.154300 	 -0.000599 	 -0.037951 
 0.154400 	 -0.000602 	 -0.036829 
 0.154500 	 -0.000606 	 -0.035702 
 0.154600 	 -0.000610 	 -0.034570 
 0.154700 	 -0.000613 	 -0.033433 
 0.154800 	 -0.000616 	 -0.032291 
 0.154900 	 -0.000619 	 -0.031145 
 0.155000 	 -0.000622 	 -0.029995 
 0.155100 	 -0.000625 	 -0.028841 
 0.155200 	 -0.000628 	 -0.027683 
 0.155300 	 -0.000631 	 -0.026521 
 0.155400 	 -0.000634 	 -0.025355 
 0.155500 	 -0.000636 	 -0.024187 
 0.155600 	 -0.000638 	 -0.023015 
 0.155700 	 -0.000641 	 -0.021839 
 0.155800 	 -0.000643 	 -0.020661 
 0.155900 	 -0.000645 	 -0.019481 
 0.156000 	 -0.000647 	 -0.018298 
 0.156100 	 -0.000648 	 -0.017112 
 0.156200 	 -0.000650 	 -0.015924 
 0.156300 	 -0.000652 	 -0.014734 
 0.156400 	 -0.000653 	 -0.013543 
 0.156500 	 -0.000654 	 -0.012349 
 0.156600 	 -0.000655 	 -0.011154 
 0.156700 	 -0.000657 	 -0.009958 
 0.156800 	 -0.000657 	 -0.008760 
 0.156900 	 -0.000658 	 -0.007562 
 0.157000 	 -0.000659 	 -0.006363 
 0.157100 	 -0.000660 	 -0.005163 
 0.157200 	 -0.000660 	 -0.003962 
 0.157300 	 -0.000660 	 -0.002761 
 0.157400 	 -0.000661 	 -0.001560 
 0.157500 	 -0.000661 	 -0.000360 
 0.157600 	 -0.000661 	 0.000841 
 0.157700 	 -0.000660 	 0.002042 
 0.157800 	 -0.000660 	 0.003241 
 0.157900 	 -0.000660 	 0.004440 
 0.158000 	 -0.000659 	 0.005639 
 0.158100 	 -0.000659 	 0.006836 
 0.158200 	 -0.000658 	 0.008032 
 0.158300 	 -0.000657 	 0.009226 
 0.158400 	 -0.000656 	 0.010419 
 0.158500 	 -0.000655 	 0.011610 
 0.158600 	 -0.000654 	 0.012799 
 0.158700 	 -0.000652 	 0.013986 
 0.158800 	 -0.000651 	 0.015171 
 0.158900 	 -0.000649 	 0.016354 
 0.159000 	 -0.000648 	 0.017534 
 0.159100 	 -0.000646 	 0.018711 
 0.159200 	 -0.000644 	 0.019885 
 0.159300 	 -0.000642 	 0.021056 
 0.159400 	 -0.000640 	 0.022223 
 0.159500 	 -0.000638 	 0.023388 
 0.159600 	 -0.000635 	 0.024548 
 0.159700 	 -0.000633 	 0.025705 
 0.159800 	 -0.000630 	 0.026858 
 0.159900 	 -0.000627 	 0.028007 
 0.160000 	 -0.000624 	 0.029152 
 0.160100 	 -0.000621 	 0.030292 
 0.160200 	 -0.000618 	 0.031427 
 0.160300 	 -0.000615 	 0.032558 
 0.160400 	 -0.000612 	 0.033684 
 0.160500 	 -0.000608 	 0.034804 
 0.160600 	 -0.000605 	 0.035920 
 0.160700 	 -0.000601 	 0.037030 
 0.160800 	 -0.000597 	 0.038134 
 0.160900 	 -0.000594 	 0.039233 
 0.161000 	 -0.000590 	 0.040326 
 0.161100 	 -0.000585 	 0.041413 
 0.161200 	 -0.000581 	 0.042493 
 0.161300 	 -0.000577 	 0.043567 
 0.161400 	 -0.000573 	 0.044635 
 0.161500 	 -0.000568 	 0.045696 
 0.161600 	 -0.000563 	 0.046750 
 0.161700 	 -0.000559 	 0.047797 
 0.161800 	 -0.000554 	 0.048838 
 0.161900 	 -0.000549 	 0.049870 
 0.162000 	 -0.000544 	 0.050896 
 0.162100 	 -0.000539 	 0.051914 
 0.162200 	 -0.000534 	 0.052924 
 0.162300 	 -0.000528 	 0.053926 
 0.162400 	 -0.000523 	 0.054920 
 0.162500 	 -0.000517 	 0.055906 
 0.162600 	 -0.000512 	 0.056884 
 0.162700 	 -0.000506 	 0.057853 
 0.162800 	 -0.000500 	 0.058814 
 0.162900 	 -0.000494 	 0.059766 
 0.163000 	 -0.000488 	 0.060710 
 0.163100 	 -0.000482 	 0.061644 
 0.163200 	 -0.000476 	 0.062569 
 0.163300 	 -0.000469 	 0.063485 
 0.163400 	 -0.000463 	 0.064391 
 0.163500 	 -0.000457 	 0.065288 
 0.163600 	 -0.000450 	 0.066176 
 0.163700 	 -0.000443 	 0.067053 
 0.163800 	 -0.000437 	 0.067921 
 0.163900 	 -0.000430 	 0.068779 
 0.164000 	 -0.000423 	 0.069626 
 0.164100 	 -0.000416 	 0.070464 
 0.164200 	 -0.000409 	 0.071291 
 0.164300 	 -0.000402 	 0.072107 
 0.164400 	 -0.000394 	 0.072913 
 0.164500 	 -0.000387 	 0.073708 
 0.164600 	 -0.000380 	 0.074492 
 0.164700 	 -0.000372 	 0.075265 
 0.164800 	 -0.000364 	 0.076028 
 0.164900 	 -0.000357 	 0.076779 
 0.165000 	 -0.000349 	 0.077518 
 0.165100 	 -0.000341 	 0.078247 
 0.165200 	 -0.000333 	 0.078963 
 0.165300 	 -0.000326 	 0.079669 
 0.165400 	 -0.000318 	 0.080362 
 0.165500 	 -0.000309 	 0.081044 
 0.165600 	 -0.000301 	 0.081714 
 0.165700 	 -0.000293 	 0.082372 
 0.165800 	 -0.000285 	 0.083017 
 0.165900 	 -0.000277 	 0.083651 
 0.166000 	 -0.000268 	 0.084272 
 0.166100 	 -0.000260 	 0.084881 
 0.166200 	 -0.000251 	 0.085477 
 0.166300 	 -0.000243 	 0.086061 
 0.166400 	 -0.000234 	 0.086632 
 0.166500 	 -0.000225 	 0.087191 
 0.166600 	 -0.000217 	 0.087737 
 0.166700 	 -0.000208 	 0.088270 
 0.166800 	 -0.000199 	 0.088790 
 0.166900 	 -0.000190 	 0.089297 
 0.167000 	 -0.000181 	 0.089790 
 0.167100 	 -0.000172 	 0.090271 
 0.167200 	 -0.000163 	 0.090739 
 0.167300 	 -0.000154 	 0.091193 
 0.167400 	 -0.000145 	 0.091634 
 0.167500 	 -0.000136 	 0.092061 
 0.167600 	 -0.000126 	 0.092475 
 0.167700 	 -0.000117 	 0.092875 
 0.167800 	 -0.000108 	 0.093262 
 0.167900 	 -0.000098 	 0.093635 
 0.168000 	 -0.000089 	 0.093995 
 0.168100 	 -0.000080 	 0.094340 
 0.168200 	 -0.000070 	 0.094672 
 0.168300 	 -0.000061 	 0.094990 
 0.168400 	 -0.000051 	 0.095294 
 0.168500 	 -0.000042 	 0.095584 
 0.168600 	 -0.000032 	 0.095860 
 0.168700 	 -0.000022 	 0.096122 
 0.168800 	 -0.000013 	 0.096370 
 0.168900 	 -0.000003 	 0.096604 
 0.169000 	 0.000007 	 0.096824 
 0.169100 	 0.000016 	 0.097030 
 0.169200 	 0.000026 	 0.097221 
 0.169300 	 0.000036 	 0.097398 
 0.169400 	 0.000045 	 0.097561 
 0.169500 	 0.000055 	 0.097710 
 0.169600 	 0.000065 	 0.097844 
 0.169700 	 0.000075 	 0.097965 
 0.169800 	 0.000085 	 0.098070 
 0.169900 	 0.000094 	 0.098162 
 0.170000 	 0.000104 	 0.098239 
 0.170100 	 0.000114 	 0.098301 
 0.170200 	 0.000124 	 0.098350 
 0.170300 	 0.000134 	 0.098384 
 0.170400 	 0.000144 	 0.098403 
 0.170500 	 0.000153 	 0.098408 
 0.170600 	 0.000163 	 0.098399 
 0.170700 	 0.000173 	 0.098375 
 0.170800 	 0.000183 	 0.098337 
 0.170900 	 0.000193 	 0.098285 
 0.171000 	 0.000203 	 0.098218 
 0.171100 	 0.000212 	 0.098137 
 0.171200 	 0.000222 	 0.098042 
 0.171300 	 0.000232 	 0.097932 
 0.171400 	 0.000242 	 0.097808 
 0.171500 	 0.000252 	 0.097669 
 0.171600 	 0.000261 	 0.097516 
 0.171700 	 0.000271 	 0.097349 
 0.171800 	 0.000281 	 0.097168 
 0.171900 	 0.000290 	 0.096973 
 0.172000 	 0.000300 	 0.096763 
 0.172100 	 0.000310 	 0.096539 
 0.172200 	 0.000319 	 0.096301 
 0.172300 	 0.000329 	 0.096049 
 0.172400 	 0.000339 	 0.095783 
 0.172500 	 0.000348 	 0.095503 
 0.172600 	 0.000358 	 0.095209 
 0.172700 	 0.000367 	 0.094901 
 0.172800 	 0.000377 	 0.094580 
 0.172900 	 0.000386 	 0.094244 
 0.173000 	 0.000396 	 0.093895 
 0.173100 	 0.000405 	 0.093531 
 0.173200 	 0.000414 	 0.093154 
 0.173300 	 0.000424 	 0.092764 
 0.173400 	 0.000433 	 0.092360 
 0.173500 	 0.000442 	 0.091942 
 0.173600 	 0.000451 	 0.091511 
 0.173700 	 0.000460 	 0.091067 
 0.173800 	 0.000469 	 0.090609 
 0.173900 	 0.000478 	 0.090138 
 0.174000 	 0.000487 	 0.089654 
 0.174100 	 0.000496 	 0.089157 
 0.174200 	 0.000505 	 0.088646 
 0.174300 	 0.000514 	 0.088123 
 0.174400 	 0.000523 	 0.087587 
 0.174500 	 0.000532 	 0.087038 
 0.174600 	 0.000540 	 0.086476 
 0.174700 	 0.000549 	 0.085901 
 0.174800 	 0.000558 	 0.085314 
 0.174900 	 0.000566 	 0.084715 
 0.175000 	 0.000574 	 0.084103 
 0.175100 	 0.000583 	 0.083478 
 0.175200 	 0.000591 	 0.082842 
 0.175300 	 0.000599 	 0.082193 
 0.175400 	 0.000608 	 0.081532 
 0.175500 	 0.000616 	 0.080860 
 0.175600 	 0.000624 	 0.080175 
 0.175700 	 0.000632 	 0.079479 
 0.175800 	 0.000640 	 0.078771 
 0.175900 	 0.000647 	 0.078051 
 0.176000 	 0.000655 	 0.077320 
 0.176100 	 0.000663 	 0.076578 
 0.176200 	 0.000671 	 0.075825 
 0.176300 	 0.000678 	 0.075060 
 0.176400 	 0.000686 	 0.074284 
 0.176500 	 0.000693 	 0.073498 
 0.176600 	 0.000700 	 0.072700 
 0.176700 	 0.000708 	 0.071892 
 0.176800 	 0.000715 	 0.071074 
 0.176900 	 0.000722 	 0.070245 
 0.177000 	 0.000729 	 0.069405 
 0.177100 	 0.000736 	 0.068556 
 0.177200 	 0.000742 	 0.067696 
 0.177300 	 0.000749 	 0.066827 
 0.177400 	 0.000756 	 0.065947 
 0.177500 	 0.000762 	 0.065058 
 0.177600 	 0.000769 	 0.064159 
 0.177700 	 0.000775 	 0.063251 
 0.177800 	 0.000781 	 0.062334 
 0.177900 	 0.000788 	 0.061407 
 0.178000 	 0.000794 	 0.060471 
 0.178100 	 0.000800 	 0.059527 
 0.178200 	 0.000806 	 0.058574 
 0.178300 	 0.000811 	 0.057612 
 0.178400 	 0.000817 	 0.056641 
 0.178500 	 0.000823 	 0.055662 
 0.178600 	 0.000828 	 0.054675 
 0.178700 	 0.000834 	 0.053680 
 0.178800 	 0.000839 	 0.052677 
 0.178900 	 0.000844 	 0.051666 
 0.179000 	 0.000849 	 0.050647 
 0.179100 	 0.000854 	 0.049621 
 0.179200 	 0.000859 	 0.048588 
 0.179300 	 0.000864 	 0.047547 
 0.179400 	 0.000869 	 0.046500 
 0.179500 	 0.000873 	 0.045445 
 0.179600 	 0.000878 	 0.044384 
 0.179700 	 0.000882 	 0.043316 
 0.179800 	 0.000887 	 0.042242 
 0.179900 	 0.000891 	 0.041161 
 0.180000 	 0.000895 	 0.040074 
 0.180100 	 0.000899 	 0.038982 
 0.180200 	 0.000903 	 0.037883 
 0.180300 	 0.000906 	 0.036779 
 0.180400 	 0.000910 	 0.035669 
 0.180500 	 0.000913 	 0.034554 
 0.180600 	 0.000917 	 0.033434 
 0.180700 	 0.000920 	 0.032309 
 0.180800 	 0.000923 	 0.031179 
 0.180900 	 0.000926 	 0.030044 
 0.181000 	 0.000929 	 0.028905 
 0.181100 	 0.000932 	 0.027762 
 0.181200 	 0.000935 	 0.026614 
 0.181300 	 0.000937 	 0.025462 
 0.181400 	 0.000940 	 0.024306 
 0.181500 	 0.000942 	 0.023147 
 0.181600 	 0.000945 	 0.021984 
 0.181700 	 0.000947 	 0.020818 
 0.181800 	 0.000949 	 0.019648 
 0.181900 	 0.000951 	 0.018476 
 0.182000 	 0.000952 	 0.017300 
 0.182100 	 0.000954 	 0.016122 
 0.182200 	 0.000956 	 0.014942 
 0.182300 	 0.000957 	 0.013759 
 0.182400 	 0.000958 	 0.012574 
 0.182500 	 0.000960 	 0.011387 
 0.182600 	 0.000961 	 0.010198 
 0.182700 	 0.000962 	 0.009007 
 0.182800 	 0.000963 	 0.007815 
 0.182900 	 0.000963 	 0.006621 
 0.183000 	 0.000964 	 0.005427 
 0.183100 	 0.000964 	 0.004231 
 0.183200 	 0.000965 	 0.003035 
 0.183300 	 0.000965 	 0.001838 
 0.183400 	 0.000965 	 0.000641 
 0.183500 	 0.000965 	 -0.000557 
 0.183600 	 0.000965 	 -0.001755 
 0.183700 	 0.000965 	 -0.002953 
 0.183800 	 0.000964 	 -0.004150 
 0.183900 	 0.000964 	 -0.005347 
 0.184000 	 0.000963 	 -0.006544 
 0.184100 	 0.000963 	 -0.007740 
 0.184200 	 0.000962 	 -0.008935 
 0.184300 	 0.000961 	 -0.010128 
 0.184400 	 0.000960 	 -0.011321 
 0.184500 	 0.000959 	 -0.012512 
 0.184600 	 0.000957 	 -0.013702 
 0.184700 	 0.000956 	 -0.014889 
 0.184800 	 0.000954 	 -0.016075 
 0.184900 	 0.000953 	 -0.017259 
 0.185000 	 0.000951 	 -0.018440 
 0.185100 	 0.000949 	 -0.019619 
 0.185200 	 0.000947 	 -0.020795 
 0.185300 	 0.000945 	 -0.021969 
 0.185400 	 0.000942 	 -0.023139 
 0.185500 	 0.000940 	 -0.024306 
 0.185600 	 0.000938 	 -0.025470 
 0.185700 	 0.000935 	 -0.026631 
 0.185800 	 0.000932 	 -0.027788 
 0.185900 	 0.000929 	 -0.028941 
 0.186000 	 0.000926 	 -0.030090 
 0.186100 	 0.000923 	 -0.031235 
 0.186200 	 0.000920 	 -0.032375 
 0.186300 	 0.000917 	 -0.033512 
 0.186400 	 0.000914 	 -0.034643 
 0.186500 	 0.000910 	 -0.035770 
 0.186600 	 0.000906 	 -0.036892 
 0.186700 	 0.000903 	 -0.038008 
 0.186800 	 0.000899 	 -0.039120 
 0.186900 	 0.000895 	 -0.040226 
 0.187000 	 0.000891 	 -0.041326 
 0.187100 	 0.000887 	 -0.042420 
 0.187200 	 0.000882 	 -0.043509 
 0.187300 	 0.000878 	 -0.044592 
 0.187400 	 0.000873 	 -0.045668 
 0.187500 	 0.000869 	 -0.046738 
 0.187600 	 0.000864 	 -0.047801 
 0.187700 	 0.000859 	 -0.048858 
 0.187800 	 0.000854 	 -0.049908 
 0.187900 	 0.000849 	 -0.050950 
 0.188000 	 0.000844 	 -0.051986 
 0.188100 	 0.000839 	 -0.053015 
 0.188200 	 0.000833 	 -0.054035 
 0.188300 	 0.000828 	 -0.055049 
 0.188400 	 0.000822 	 -0.056054 
 0.188500 	 0.000817 	 -0.057052 
 0.188600 	 0.000811 	 -0.058042 
 0.188700 	 0.000805 	 -0.059023 
 0.188800 	 0.000799 	 -0.059996 
 0.188900 	 0.000793 	 -0.060961 
 0.189000 	 0.000787 	 -0.061917 
 0.189100 	 0.000781 	 -0.062865 
 0.189200 	 0.000774 	 -0.063803 
 0.189300 	 0.000768 	 -0.064733 
 0.189400 	 0.000761 	 -0.065653 
 0.189500 	 0.000755 	 -0.066564 
 0.189600 	 0.000748 	 -0.067466 
 0.189700 	 0.000741 	 -0.068358 
 0.189800 	 0.000734 	 -0.069241 
 0.189900 	 0.000728 	 -0.070113 
 0.190000 	 0.000720 	 -0.070976 
 0.190100 	 0.000713 	 -0.071829 
 0.190200 	 0.000706 	 -0.072671 
 0.190300 	 0.000699 	 -0.073504 
 0.190400 	 0.000691 	 -0.074326 
 0.190500 	 0.000684 	 -0.075137 
 0.190600 	 0.000676 	 -0.075938 
 0.190700 	 0.000669 	 -0.076728 
 0.190800 	 0.000661 	 -0.077507 
 0.190900 	 0.000653 	 -0.078275 
 0.191000 	 0.000645 	 -0.079032 
 0.191100 	 0.000637 	 -0.079778 
 0.191200 	 0.000629 	 -0.080513 
 0.191300 	 0.000621 	 -0.081236 
 0.191400 	 0.000613 	 -0.081947 
 0.191500 	 0.000605 	 -0.082647 
 0.191600 	 0.000597 	 -0.083336 
 0.191700 	 0.000588 	 -0.084012 
 0.191800 	 0.000580 	 -0.084677 
 0.191900 	 0.000571 	 -0.085329 
 0.192000 	 0.000563 	 -0.085970 
 0.192100 	 0.000554 	 -0.086598 
 0.192200 	 0.000545 	 -0.087214 
 0.192300 	 0.000537 	 -0.087817 
 0.192400 	 0.000528 	 -0.088408 
 0.192500 	 0.000519 	 -0.088987 
 0.192600 	 0.000510 	 -0.089553 
 0.192700 	 0.000501 	 -0.090106 
 0.192800 	 0.000492 	 -0.090646 
 0.192900 	 0.000483 	 -0.091174 
 0.193000 	 0.000474 	 -0.091688 
 0.193100 	 0.000465 	 -0.092190 
 0.193200 	 0.000455 	 -0.092678 
 0.193300 	 0.000446 	 -0.093153 
 0.193400 	 0.000437 	 -0.093615 
 0.193500 	 0.000427 	 -0.094064 
 0.193600 	 0.000418 	 -0.094499 
 0.193700 	 0.000408 	 -0.094921 
 0.193800 	 0.000399 	 -0.095330 
 0.193900 	 0.000389 	 -0.095725 
 0.194000 	 0.000380 	 -0.096106 
 0.194100 	 0.000370 	 -0.096473 
 0.194200 	 0.000361 	 -0.096827 
 0.194300 	 0.000351 	 -0.097167 
 0.194400 	 0.000341 	 -0.097494 
 0.194500 	 0.000331 	 -0.097806 
 0.194600 	 0.000322 	 -0.098105 
 0.194700 	 0.000312 	 -0.098389 
 0.194800 	 0.000302 	 -0.098660 
 0.194900 	 0.000292 	 -0.098916 
 0.195000 	 0.000282 	 -0.099159 
 0.195100 	 0.000272 	 -0.099387 
 0.195200 	 0.000262 	 -0.099601 
 0.195300 	 0.000252 	 -0.099801 
 0.195400 	 0.000242 	 -0.099987 
 0.195500 	 0.000232 	 -0.100158 
 0.195600 	 0.000222 	 -0.100316 
 0.195700 	 0.000212 	 -0.100459 
 0.195800 	 0.000202 	 -0.100588 
 0.195900 	 0.000192 	 -0.100702 
 0.196000 	 0.000182 	 -0.100802 
 0.196100 	 0.000172 	 -0.100888 
 0.196200 	 0.000162 	 -0.100960 
 0.196300 	 0.000152 	 -0.101017 
 0.196400 	 0.000142 	 -0.101059 
 0.196500 	 0.000132 	 -0.101088 
 0.196600 	 0.000121 	 -0.101101 
 0.196700 	 0.000111 	 -0.101101 
 0.196800 	 0.000101 	 -0.101086 
 0.196900 	 0.000091 	 -0.101057 
 0.197000 	 0.000081 	 -0.101013 
 0.197100 	 0.000071 	 -0.100955 
 0.197200 	 0.000061 	 -0.100883 
 0.197300 	 0.000051 	 -0.100796 
 0.197400 	 0.000041 	 -0.100695 
 0.197500 	 0.000031 	 -0.100580 
 0.197600 	 0.000020 	 -0.100450 
 0.197700 	 0.000010 	 -0.100306 
 0.197800 	 0.000000 	 -0.100148 
 0.197900 	 -0.000010 	 -0.099975 
 0.198000 	 -0.000020 	 -0.099788 
 0.198100 	 -0.000030 	 -0.099587 
 0.198200 	 -0.000039 	 -0.099372 
 0.198300 	 -0.000049 	 -0.099143 
 0.198400 	 -0.000059 	 -0.098900 
 0.198500 	 -0.000069 	 -0.098642 
 0.198600 	 -0.000079 	 -0.098371 
 0.198700 	 -0.000089 	 -0.098085 
 0.198800 	 -0.000099 	 -0.097786 
 0.198900 	 -0.000108 	 -0.097472 
 0.199000 	 -0.000118 	 -0.097145 
 0.199100 	 -0.000128 	 -0.096804 
 0.199200 	 -0.000138 	 -0.096449 
 0.199300 	 -0.000147 	 -0.096080 
 0.199400 	 -0.000157 	 -0.095698 
 0.199500 	 -0.000166 	 -0.095302 
 0.199600 	 -0.000176 	 -0.094893 
 0.199700 	 -0.000185 	 -0.094470 
 0.199800 	 -0.000195 	 -0.094034 
 0.199900 	 -0.000204 	 -0.093584 
 0.200000 	 -0.000213 	 -0.093121 
 0.200100 	 -0.000223 	 -0.092644 
 0.200200 	 -0.000232 	 -0.092155 
 0.200300 	 -0.000241 	 -0.091652 
 0.200400 	 -0.000250 	 -0.091137 
 0.200500 	 -0.000259 	 -0.090608 
 0.200600 	 -0.000268 	 -0.090067 
 0.200700 	 -0.000277 	 -0.089513 
 0.200800 	 -0.000286 	 -0.088946 
 0.200900 	 -0.000295 	 -0.088366 
 0.201000 	 -0.000304 	 -0.087774 
 0.201100 	 -0.000313 	 -0.087169 
 0.201200 	 -0.000321 	 -0.086552 
 0.201300 	 -0.000330 	 -0.085923 
 0.201400 	 -0.000339 	 -0.085281 
 0.201500 	 -0.000347 	 -0.084627 
 0.201600 	 -0.000355 	 -0.083962 
 0.201700 	 -0.000364 	 -0.083284 
 0.201800 	 -0.000372 	 -0.082595 
 0.201900 	 -0.000380 	 -0.081893 
 0.202000 	 -0.000389 	 -0.081180 
 0.202100 	 -0.000397 	 -0.080456 
 0.202200 	 -0.000405 	 -0.079720 
 0.202300 	 -0.000413 	 -0.078973 
 0.202400 	 -0.000420 	 -0.078215 
 0.202500 	 -0.000428 	 -0.077445 
 0.202600 	 -0.000436 	 -0.076665 
 0.202700 	 -0.000444 	 -0.075874 
 0.202800 	 -0.000451 	 -0.075072 
 0.202900 	 -0.000459 	 -0.074259 
 0.203000 	 -0.000466 	 -0.073436 
 0.203100 	 -0.000473 	 -0.072602 
 0.203200 	 -0.000480 	 -0.071758 
 0.203300 	 -0.000488 	 -0.070904 
 0.203400 	 -0.000495 	 -0.070040 
 0.203500 	 -0.000502 	 -0.069166 
 0.203600 	 -0.000508 	 -0.068282 
 0.203700 	 -0.000515 	 -0.067388 
 0.203800 	 -0.000522 	 -0.066485 
 0.203900 	 -0.000529 	 -0.065572 
 0.204000 	 -0.000535 	 -0.064651 
 0.204100 	 -0.000541 	 -0.063720 
 0.204200 	 -0.000548 	 -0.062780 
 0.204300 	 -0.000554 	 -0.061831 
 0.204400 	 -0.000560 	 -0.060873 
 0.204500 	 -0.000566 	 -0.059907 
 0.204600 	 -0.000572 	 -0.058932 
 0.204700 	 -0.000578 	 -0.057949 
 0.204800 	 -0.000584 	 -0.056958 
 0.204900 	 -0.000589 	 -0.055959 
 0.205000 	 -0.000595 	 -0.054951 
 0.205100 	 -0.000600 	 -0.053936 
 0.205200 	 -0.000606 	 -0.052914 
 0.205300 	 -0.000611 	 -0.051884 
 0.205400 	 -0.000616 	 -0.050846 
 0.205500 	 -0.000621 	 -0.049802 
 0.205600 	 -0.000626 	 -0.048750 
 0.205700 	 -0.000631 	 -0.047692 
 0.205800 	 -0.000636 	 -0.046627 
 0.205900 	 -0.000640 	 -0.045555 
 0.206000 	 -0.000645 	 -0.044477 
 0.206100 	 -0.000649 	 -0.043393 
 0.206200 	 -0.000653 	 -0.042303 
 0.206300 	 -0.000658 	 -0.041206 
 0.206400 	 -0.000662 	 -0.040104 
 0.206500 	 -0.000666 	 -0.038996 
 0.206600 	 -0.000669 	 -0.037883 
 0.206700 	 -0.000673 	 -0.036765 
 0.206800 	 -0.000677 	 -0.035641 
 0.206900 	 -0.000680 	 -0.034512 
 0.207000 	 -0.000684 	 -0.033379 
 0.207100 	 -0.000687 	 -0.032241 
 0.207200 	 -0.000690 	 -0.031098 
 0.207300 	 -0.000693 	 -0.029951 
 0.207400 	 -0.000696 	 -0.028800 
 0.207500 	 -0.000699 	 -0.027645 
 0.207600 	 -0.000702 	 -0.026486 
 0.207700 	 -0.000704 	 -0.025324 
 0.207800 	 -0.000707 	 -0.024158 
 0.207900 	 -0.000709 	 -0.022988 
 0.208000 	 -0.000711 	 -0.021816 
 0.208100 	 -0.000713 	 -0.020640 
 0.208200 	 -0.000715 	 -0.019462 
 0.208300 	 -0.000717 	 -0.018281 
 0.208400 	 -0.000719 	 -0.017098 
 0.208500 	 -0.000721 	 -0.015912 
 0.208600 	 -0.000722 	 -0.014724 
 0.208700 	 -0.000724 	 -0.013534 
 0.208800 	 -0.000725 	 -0.012342 
 0.208900 	 -0.000726 	 -0.011149 
 0.209000 	 -0.000727 	 -0.009954 
 0.209100 	 -0.000728 	 -0.008758 
 0.209200 	 -0.000729 	 -0.007561 
 0.209300 	 -0.000730 	 -0.006363 
 0.209400 	 -0.000730 	 -0.005164 
 0.209500 	 -0.000731 	 -0.003965 
 0.209600 	 -0.000731 	 -0.002765 
 0.209700 	 -0.000731 	 -0.001564 
 0.209800 	 -0.000731 	 -0.000364 
 0.209900 	 -0.000731 	 0.000836 
 0.210000 	 -0.000731 	 0.002036 
 0.210100 	 -0.000731 	 0.003235 
 0.210200 	 -0.000731 	 0.004434 
 0.210300 	 -0.000730 	 0.005632 
 0.210400 	 -0.000729 	 0.006829 
 0.210500 	 -0.000729 	 0.008025 
 0.210600 	 -0.000728 	 0.009220 
 0.210700 	 -0.000727 	 0.010413 
 0.210800 	 -0.000726 	 0.011604 
 0.210900 	 -0.000724 	 0.012794 
 0.211000 	 -0.000723 	 0.013982 
 0.211100 	 -0.000722 	 0.015167 
 0.211200 	 -0.000720 	 0.016350 
 0.211300 	 -0.000718 	 0.017531 
 0.211400 	 -0.000717 	 0.018709 
 0.211500 	 -0.000715 	 0.019884 
 0.211600 	 -0.000713 	 0.021056 
 0.211700 	 -0.000710 	 0.022225 
 0.211800 	 -0.000708 	 0.023391 
 0.211900 	 -0.000706 	 0.024553 
 0.212000 	 -0.000703 	 0.025712 
 0.212100 	 -0.000701 	 0.026866 
 0.212200 	 -0.000698 	 0.028017 
 0.212300 	 -0.000695 	 0.029163 
 0.212400 	 -0.000692 	 0.030305 
 0.212500 	 -0.000689 	 0.031443 
 0.212600 	 -0.000686 	 0.032576 
 0.212700 	 -0.000682 	 0.033704 
 0.212800 	 -0.000679 	 0.034827 
 0.212900 	 -0.000675 	 0.035945 
 0.213000 	 -0.000672 	 0.037057 
 0.213100 	 -0.000668 	 0.038165 
 0.213200 	 -0.000664 	 0.039266 
 0.213300 	 -0.000660 	 0.040362 
 0.213400 	 -0.000656 	 0.041451 
 0.213500 	 -0.000652 	 0.042535 
 0.213600 	 -0.000648 	 0.043612 
 0.213700 	 -0.000643 	 0.044683 
 0.213800 	 -0.000639 	 0.045748 
 0.213900 	 -0.000634 	 0.046805 
 0.214000 	 -0.000629 	 0.047856 
 0.214100 	 -0.000624 	 0.048900 
 0.214200 	 -0.000620 	 0.049936 
 0.214300 	 -0.000615 	 0.050965 
 0.214400 	 -0.000609 	 0.051987 
 0.214500 	 -0.000604 	 0.053001 
 0.214600 	 -0.000599 	 0.054007 
 0.214700 	 -0.000593 	 0.055006 
 0.214800 	 -0.000588 	 0.055996 
 0.214900 	 -0.000582 	 0.056978 
 0.215000 	 -0.000576 	 0.057952 
 0.215100 	 -0.000571 	 0.058917 
 0.215200 	 -0.000565 	 0.059874 
 0.215300 	 -0.000559 	 0.060822 
 0.215400 	 -0.000552 	 0.061761 
 0.215500 	 -0.000546 	 0.062691 
 0.215600 	 -0.000540 	 0.063611 
 0.215700 	 -0.000533 	 0.064523 
 0.215800 	 -0.000527 	 0.065425 
 0.215900 	 -0.000520 	 0.066317 
 0.216000 	 -0.000514 	 0.067200 
 0.216100 	 -0.000507 	 0.068073 
 0.216200 	 -0.000500 	 0.068936 
 0.216300 	 -0.000493 	 0.069789 
 0.216400 	 -0.000486 	 0.070632 
 0.216500 	 -0.000479 	 0.071464 
 0.216600 	 -0.000472 	 0.072286 
 0.216700 	 -0.000465 	 0.073098 
 0.216800 	 -0.000457 	 0.073899 
 0.216900 	 -0.000450 	 0.074689 
 0.217000 	 -0.000442 	 0.075468 
 0.217100 	 -0.000435 	 0.076236 
 0.217200 	 -0.000427 	 0.076993 
 0.217300 	 -0.000419 	 0.077739 
 0.217400 	 -0.000411 	 0.078473 
 0.217500 	 -0.000404 	 0.079197 
 0.217600 	 -0.000396 	 0.079908 
 0.217700 	 -0.000388 	 0.080608 
 0.217800 	 -0.000380 	 0.081296 
 0.217900 	 -0.000371 	 0.081972 
 0.218000 	 -0.000363 	 0.082637 
 0.218100 	 -0.000355 	 0.083289 
 0.218200 	 -0.000346 	 0.083929 
 0.218300 	 -0.000338 	 0.084557 
 0.218400 	 -0.000330 	 0.085173 
 0.218500 	 -0.000321 	 0.085776 
 0.218600 	 -0.000312 	 0.086367 
 0.218700 	 -0.000304 	 0.086945 
 0.218800 	 -0.000295 	 0.087510 
 0.218900 	 -0.000286 	 0.088063 
 0.219000 	 -0.000277 	 0.088603 
 0.219100 	 -0.000269 	 0.089130 
 0.219200 	 -0.000260 	 0.089644 
 0.219300 	 -0.000251 	 0.090145 
 0.219400 	 -0.000242 	 0.090633 
 0.219500 	 -0.000232 	 0.091108 
 0.219600 	 -0.000223 	 0.091569 
 0.219700 	 -0.000214 	 0.092018 
 0.219800 	 -0.000205 	 0.092452 
 0.219900 	 -0.000196 	 0.092874 
 0.220000 	 -0.000186 	 0.093282 
 0.220100 	 -0.000177 	 0.093676 
 0.220200 	 -0.000168 	 0.094056 
 0.220300 	 -0.000158 	 0.094423 
 0.220400 	 -0.000149 	 0.094777 
 0.220500 	 -0.000139 	 0.095116 
 0.220600 	 -0.000130 	 0.095442 
 0.220700 	 -0.000120 	 0.095754 
 0.220800 	 -0.000111 	 0.096051 
 0.220900 	 -0.000101 	 0.096335 
 0.221000 	 -0.000091 	 0.096605 
 0.221100 	 -0.000082 	 0.096861 
 0.221200 	 -0.000072 	 0.097103 
 0.221300 	 -0.000062 	 0.097330 
 0.221400 	 -0.000052 	 0.097544 
 0.221500 	 -0.000043 	 0.097743 
 0.221600 	 -0.000033 	 0.097928 
 0.221700 	 -0.000023 	 0.098099 
 0.221800 	 -0.000013 	 0.098256 
 0.221900 	 -0.000003 	 0.098398 
 0.222000 	 0.000006 	 0.098526 
 0.222100 	 0.000016 	 0.098640 
 0.222200 	 0.000026 	 0.098739 
 0.222300 	 0.000036 	 0.098824 
 0.222400 	 0.000046 	 0.098895 
 0.222500 	 0.000056 	 0.098951 
 0.222600 	 0.000066 	 0.098993 
 0.222700 	 0.000076 	 0.099020 
 0.222800 	 0.000085 	 0.099033 
 0.222900 	 0.000095 	 0.099032 
 0.223000 	 0.000105 	 0.099016 
 0.223100 	 0.000115 	 0.098986 
 0.223200 	 0.000125 	 0.098942 
 0.223300 	 0.000135 	 0.098883 
 0.223400 	 0.000145 	 0.098810 
 0.223500 	 0.000155 	 0.098723 
 0.223600 	 0.000165 	 0.098621 
 0.223700 	 0.000174 	 0.098504 
 0.223800 	 0.000184 	 0.098374 
 0.223900 	 0.000194 	 0.098229 
 0.224000 	 0.000204 	 0.098070 
 0.224100 	 0.000214 	 0.097897 
 0.224200 	 0.000224 	 0.097709 
 0.224300 	 0.000233 	 0.097507 
 0.224400 	 0.000243 	 0.097291 
 0.224500 	 0.000253 	 0.097061 
 0.224600 	 0.000262 	 0.096817 
 0.224700 	 0.000272 	 0.096559 
 0.224800 	 0.000282 	 0.096287 
 0.224900 	 0.000291 	 0.096000 
 0.225000 	 0.000301 	 0.095700 
 0.225100 	 0.000310 	 0.095386 
 0.225200 	 0.000320 	 0.095058 
 0.225300 	 0.000329 	 0.094716 
 0.225400 	 0.000339 	 0.094361 
 0.225500 	 0.000348 	 0.093991 
 0.225600 	 0.000358 	 0.093608 
 0.225700 	 0.000367 	 0.093212 
 0.225800 	 0.000376 	 0.092802 
 0.225900 	 0.000386 	 0.092378 
 0.226000 	 0.000395 	 0.091941 
 0.226100 	 0.000404 	 0.091491 
 0.226200 	 0.000413 	 0.091027 
 0.226300 	 0.000422 	 0.090550 
 0.226400 	 0.000431 	 0.090060 
 0.226500 	 0.000440 	 0.089557 
 0.226600 	 0.000449 	 0.089041 
 0.226700 	 0.000458 	 0.088511 
 0.226800 	 0.000467 	 0.087969 
 0.226900 	 0.000476 	 0.087415 
 0.227000 	 0.000484 	 0.086847 
 0.227100 	 0.000493 	 0.086267 
 0.227200 	 0.000502 	 0.085674 
 0.227300 	 0.000510 	 0.085069 
 0.227400 	 0.000519 	 0.084452 
 0.227500 	 0.000527 	 0.083822 
 0.227600 	 0.000535 	 0.083180 
 0.227700 	 0.000544 	 0.082526 
 0.227800 	 0.000552 	 0.081859 
 0.227900 	 0.000560 	 0.081181 
 0.228000 	 0.000568 	 0.080492 
 0.228100 	 0.000576 	 0.079790 
 0.228200 	 0.000584 	 0.079077 
 0.228300 	 0.000592 	 0.078352 
 0.228400 	 0.000600 	 0.077616 
 0.228500 	 0.000607 	 0.076869 
 0.228600 	 0.000615 	 0.076110 
 0.228700 	 0.000623 	 0.075340 
 0.228800 	 0.000630 	 0.074560 
 0.228900 	 0.000638 	 0.073768 
 0.229000 	 0.000645 	 0.072966 
 0.229100 	 0.000652 	 0.072153 
 0.229200 	 0.000659 	 0.071330 
 0.229300 	 0.000666 	 0.070496 
 0.229400 	 0.000673 	 0.069652 
 0.229500 	 0.000680 	 0.068798 
 0.229600 	 0.000687 	 0.067933 
 0.229700 	 0.000694 	 0.067059 
 0.229800 	 0.000701 	 0.066175 
 0.229900 	 0.000707 	 0.065282 
 0.230000 	 0.000714 	 0.064379 
 0.230100 	 0.000720 	 0.063466 
 0.230200 	 0.000726 	 0.062544 
 0.230300 	 0.000733 	 0.061614 
 0.230400 	 0.000739 	 0.060674 
 0.230500 	 0.000745 	 0.059725 
 0.230600 	 0.000751 	 0.058768 
 0.230700 	 0.000757 	 0.057801 
 0.230800 	 0.000762 	 0.056827 
 0.230900 	 0.000768 	 0.055844 
 0.231000 	 0.000773 	 0.054853 
 0.231100 	 0.000779 	 0.053854 
 0.231200 	 0.000784 	 0.052848 
 0.231300 	 0.000789 	 0.051833 
 0.231400 	 0.000795 	 0.050811 
 0.231500 	 0.000800 	 0.049781 
 0.231600 	 0.000804 	 0.048744 
 0.231700 	 0.000809 	 0.047700 
 0.231800 	 0.000814 	 0.046649 
 0.231900 	 0.000819 	 0.045592 
 0.232000 	 0.000823 	 0.044527 
 0.232100 	 0.000828 	 0.043456 
 0.232200 	 0.000832 	 0.042379 
 0.232300 	 0.000836 	 0.041295 
 0.232400 	 0.000840 	 0.040205 
 0.232500 	 0.000844 	 0.039110 
 0.232600 	 0.000848 	 0.038008 
 0.232700 	 0.000852 	 0.036901 
 0.232800 	 0.000855 	 0.035789 
 0.232900 	 0.000859 	 0.034671 
 0.233000 	 0.000862 	 0.033549 
 0.233100 	 0.000866 	 0.032421 
 0.233200 	 0.000869 	 0.031288 
 0.233300 	 0.000872 	 0.030151 
 0.233400 	 0.000875 	 0.029010 
 0.233500 	 0.000878 	 0.027864 
 0.233600 	 0.000880 	 0.026714 
 0.233700 	 0.000883 	 0.025560 
 0.233800 	 0.000885 	 0.024402 
 0.233900 	 0.000888 	 0.023241 
 0.234000 	 0.000890 	 0.022076 
 0.234100 	 0.000892 	 0.020908 
 0.234200 	 0.000894 	 0.019736 
 0.234300 	 0.000896 	 0.018562 
 0.234400 	 0.000898 	 0.017385 
 0.234500 	 0.000900 	 0.016205 
 0.234600 	 0.000901 	 0.015023 
 0.234700 	 0.000903 	 0.013839 
 0.234800 	 0.000904 	 0.012652 
 0.234900 	 0.000905 	 0.011464 
 0.235000 	 0.000906 	 0.010274 
 0.235100 	 0.000907 	 0.009082 
 0.235200 	 0.000908 	 0.007889 
 0.235300 	 0.000909 	 0.006694 
 0.235400 	 0.000909 	 0.005499 
 0.235500 	 0.000910 	 0.004302 
 0.235600 	 0.000910 	 0.003105 
 0.235700 	 0.000911 	 0.001908 
 0.235800 	 0.000911 	 0.000709 
 0.235900 	 0.000911 	 -0.000489 
 0.236000 	 0.000911 	 -0.001687 
 0.236100 	 0.000910 	 -0.002886 
 0.236200 	 0.000910 	 -0.004084 
 0.236300 	 0.000910 	 -0.005281 
 0.236400 	 0.000909 	 -0.006478 
 0.236500 	 0.000908 	 -0.007674 
 0.236600 	 0.000907 	 -0.008869 
 0.236700 	 0.000906 	 -0.010063 
 0.236800 	 0.000905 	 -0.011255 
 0.236900 	 0.000904 	 -0.012446 
 0.237000 	 0.000903 	 -0.013636 
 0.237100 	 0.000901 	 -0.014823 
 0.237200 	 0.000900 	 -0.016009 
 0.237300 	 0.000898 	 -0.017192 
 0.237400 	 0.000897 	 -0.018373 
 0.237500 	 0.000895 	 -0.019551 
 0.237600 	 0.000893 	 -0.020727 
 0.237700 	 0.000890 	 -0.021900 
 0.237800 	 0.000888 	 -0.023069 
 0.237900 	 0.000886 	 -0.024236 
 0.238000 	 0.000883 	 -0.025399 
 0.238100 	 0.000881 	 -0.026559 
 0.238200 	 0.000878 	 -0.027715 
 0.238300 	 0.000875 	 -0.028867 
 0.238400 	 0.000872 	 -0.030015 
 0.238500 	 0.000869 	 -0.031158 
 0.238600 	 0.000866 	 -0.032298 
 0.238700 	 0.000863 	 -0.033433 
 0.238800 	 0.000859 	 -0.034563 
 0.238900 	 0.000856 	 -0.035688 
 0.239000 	 0.000852 	 -0.036808 
 0.239100 	 0.000848 	 -0.037924 
 0.239200 	 0.000845 	 -0.039033 
 0.239300 	 0.000841 	 -0.040137 
 0.239400 	 0.000837 	 -0.041236 
 0.239500 	 0.000832 	 -0.042329 
 0.239600 	 0.000828 	 -0.043415 
 0.239700 	 0.000824 	 -0.044496 
 0.239800 	 0.000819 	 -0.045570 
 0.239900 	 0.000815 	 -0.046638 
 0.240000 	 0.000810 	 -0.047699 
 0.240100 	 0.000805 	 -0.048754 
 0.240200 	 0.000800 	 -0.049801 
 0.240300 	 0.000795 	 -0.050842 
 0.240400 	 0.000790 	 -0.051875 
 0.240500 	 0.000785 	 -0.052901 
 0.240600 	 0.000779 	 -0.053920 
 0.240700 	 0.000774 	 -0.054930 
 0.240800 	 0.000768 	 -0.055933 
 0.240900 	 0.000763 	 -0.056928 
 0.241000 	 0.000757 	 -0.057915 
 0.241100 	 0.000751 	 -0.058894 
 0.241200 	 0.000745 	 -0.059864 
 0.241300 	 0.000739 	 -0.060826 
 0.241400 	 0.000733 	 -0.061779 
 0.241500 	 0.000727 	 -0.062724 
 0.241600 	 0.000721 	 -0.063659 
 0.241700 	 0.000714 	 -0.064585 
 0.241800 	 0.000708 	 -0.065503 
 0.241900 	 0.000701 	 -0.066411 
 0.242000 	 0.000694 	 -0.067309 
 0.242100 	 0.000688 	 -0.068198 
 0.242200 	 0.000681 	 -0.069077 
 0.242300 	 0.000674 	 -0.069946 
 0.242400 	 0.000667 	 -0.070806 
 0.242500 	 0.000660 	 -0.071655 
 0.242600 	 0.000652 	 -0.072494 
 0.242700 	 0.000645 	 -0.073322 
 0.242800 	 0.000638 	 -0.074141 
 0.242900 	 0.000630 	 -0.074948 
 0.243000 	 0.000623 	 -0.075745 
 0.243100 	 0.000615 	 -0.076532 
 0.243200 	 0.000607 	 -0.077307 
 0.243300 	 0.000600 	 -0.078071 
 0.243400 	 0.000592 	 -0.078824 
 0.243500 	 0.000584 	 -0.079566 
 0.243600 	 0.000576 	 -0.080296 
 0.243700 	 0.000568 	 -0.081016 
 0.243800 	 0.000560 	 -0.081723 
 0.243900 	 0.000552 	 -0.082419 
 0.244000 	 0.000543 	 -0.083103 
 0.244100 	 0.000535 	 -0.083775 
 0.244200 	 0.000526 	 -0.084435 
 0.244300 	 0.000518 	 -0.085083 
 0.244400 	 0.000509 	 -0.085720 
 0.244500 	 0.000501 	 -0.086343 
 0.244600 	 0.000492 	 -0.086955 
 0.244700 	 0.000483 	 -0.087554 
 0.244800 	 0.000475 	 -0.088140 
 0.244900 	 0.000466 	 -0.088714 
 0.245000 	 0.000457 	 -0.089276 
 0.245100 	 0.000448 	 -0.089824 
 0.245200 	 0.000439 	 -0.090360 
 0.245300 	 0.000430 	 -0.090883 
 0.245400 	 0.000421 	 -0.091393 
 0.245500 	 0.000412 	 -0.091889 
 0.245600 	 0.000402 	 -0.092373 
 0.245700 	 0.000393 	 -0.092843 
 0.245800 	 0.000384 	 -0.093301 
 0.245900 	 0.000375 	 -0.093744 
 0.246000 	 0.000365 	 -0.094175 
 0.246100 	 0.000356 	 -0.094592 
 0.246200 	 0.000346 	 -0.094995 
 0.246300 	 0.000337 	 -0.095385 
 0.246400 	 0.000327 	 -0.095761 
 0.246500 	 0.000318 	 -0.096124 
 0.246600 	 0.000308 	 -0.096473 
 0.246700 	 0.000298 	 -0.096808 
 0.246800 	 0.000289 	 -0.097129 
 0.246900 	 0.000279 	 -0.097436 
 0.247000 	 0.000269 	 -0.097730 
 0.247100 	 0.000259 	 -0.098009 
 0.247200 	 0.000249 	 -0.098275 
 0.247300 	 0.000240 	 -0.098526 
 0.247400 	 0.000230 	 -0.098763 
 0.247500 	 0.000220 	 -0.098986 
 0.247600 	 0.000210 	 -0.099195 
 0.247700 	 0.000200 	 -0.099390 
 0.247800 	 0.000190 	 -0.099571 
 0.247900 	 0.000180 	 -0.099737 
 0.248000 	 0.000170 	 -0.099889 
 0.248100 	 0.000160 	 -0.100027 
 0.248200 	 0.000150 	 -0.100151 
 0.248300 	 0.000140 	 -0.100260 
 0.248400 	 0.000130 	 -0.100355 
 0.248500 	 0.000120 	 -0.100435 
 0.248600 	 0.000110 	 -0.100501 
 0.248700 	 0.000100 	 -0.100553 
 0.248800 	 0.000090 	 -0.100591 
 0.248900 	 0.000080 	 -0.100614 
 0.249000 	 0.000070 	 -0.100622 
 0.249100 	 0.000060 	 -0.100617 
 0.249200 	 0.000050 	 -0.100596 
 0.249300 	 0.000040 	 -0.100562 
 0.249400 	 0.000030 	 -0.100513 
 0.249500 	 0.000019 	 -0.100450 
 0.249600 	 0.000009 	 -0.100372 
 0.249700 	 -0.000001 	 -0.100280 
 0.249800 	 -0.000011 	 -0.100174 
 0.249900 	 -0.000021 	 -0.100053 
 0.250000 	 -0.000031 	 -0.099918 
 0.250100 	 -0.000041 	 -0.099769 
 0.250200 	 -0.000051 	 -0.099605 
 0.250300 	 -0.000061 	 -0.099427 
 0.250400 	 -0.000070 	 -0.099235 
 0.250500 	 -0.000080 	 -0.099029 
 0.250600 	 -0.000090 	 -0.098809 
 0.250700 	 -0.000100 	 -0.098574 
 0.250800 	 -0.000110 	 -0.098326 
 0.250900 	 -0.000120 	 -0.098063 
 0.251000 	 -0.000130 	 -0.097787 
 0.251100 	 -0.000139 	 -0.097496 
 0.251200 	 -0.000149 	 -0.097191 
