 0.000000 	 0.000000 	 0.000000 
 0.000100 	 0.000000 	 0.000039 
 0.000200 	 0.000000 	 0.000150 
 0.000300 	 0.000000 	 0.000327 
 0.000400 	 0.000000 	 0.000562 
 0.000500 	 0.000000 	 0.000852 
 0.000600 	 0.000000 	 0.001190 
 0.000700 	 0.000000 	 0.001572 
 0.000800 	 0.000001 	 0.001993 
 0.000900 	 0.000001 	 0.002450 
 0.001000 	 0.000001 	 0.002939 
 0.001100 	 0.000001 	 0.003457 
 0.001200 	 0.000002 	 0.004002 
 0.001300 	 0.000002 	 0.004570 
 0.001400 	 0.000003 	 0.005159 
 0.001500 	 0.000003 	 0.005767 
 0.001600 	 0.000004 	 0.006393 
 0.001700 	 0.000004 	 0.007033 
 0.001800 	 0.000005 	 0.007688 
 0.001900 	 0.000006 	 0.008355 
 0.002000 	 0.000007 	 0.009033 
 0.002100 	 0.000008 	 0.009721 
 0.002200 	 0.000009 	 0.010417 
 0.002300 	 0.000010 	 0.011121 
 0.002400 	 0.000011 	 0.011832 
 0.002500 	 0.000012 	 0.012549 
 0.002600 	 0.000014 	 0.013271 
 0.002700 	 0.000015 	 0.013997 
 0.002800 	 0.000016 	 0.014728 
 0.002900 	 0.000018 	 0.015461 
 0.003000 	 0.000019 	 0.016198 
 0.003100 	 0.000021 	 0.016937 
 0.003200 	 0.000023 	 0.017678 
 0.003300 	 0.000025 	 0.018420 
 0.003400 	 0.000027 	 0.019163 
 0.003500 	 0.000028 	 0.019907 
 0.003600 	 0.000031 	 0.020652 
 0.003700 	 0.000033 	 0.021396 
 0.003800 	 0.000035 	 0.022141 
 0.003900 	 0.000037 	 0.022885 
 0.004000 	 0.000039 	 0.023629 
 0.004100 	 0.000042 	 0.024372 
 0.004200 	 0.000044 	 0.025114 
 0.004300 	 0.000047 	 0.025855 
 0.004400 	 0.000049 	 0.026594 
 0.004500 	 0.000052 	 0.027333 
 0.004600 	 0.000055 	 0.028069 
 0.004700 	 0.000058 	 0.028804 
 0.004800 	 0.000061 	 0.029537 
 0.004900 	 0.000064 	 0.030268 
 0.005000 	 0.000067 	 0.030997 
 0.005100 	 0.000070 	 0.031723 
 0.005200 	 0.000073 	 0.032448 
 0.005300 	 0.000076 	 0.033170 
 0.005400 	 0.000080 	 0.033889 
 0.005500 	 0.000083 	 0.034606 
 0.005600 	 0.000087 	 0.035321 
 0.005700 	 0.000090 	 0.036032 
 0.005800 	 0.000094 	 0.036741 
 0.005900 	 0.000098 	 0.037447 
 0.006000 	 0.000101 	 0.038150 
 0.006100 	 0.000105 	 0.038850 
 0.006200 	 0.000109 	 0.039547 
 0.006300 	 0.000113 	 0.040241 
 0.006400 	 0.000117 	 0.040931 
 0.006500 	 0.000121 	 0.041619 
 0.006600 	 0.000125 	 0.042303 
 0.006700 	 0.000130 	 0.042983 
 0.006800 	 0.000134 	 0.043661 
 0.006900 	 0.000138 	 0.044334 
 0.007000 	 0.000143 	 0.045005 
 0.007100 	 0.000147 	 0.045671 
 0.007200 	 0.000152 	 0.046334 
 0.007300 	 0.000157 	 0.046994 
 0.007400 	 0.000161 	 0.047650 
 0.007500 	 0.000166 	 0.048301 
 0.007600 	 0.000171 	 0.048950 
 0.007700 	 0.000176 	 0.049594 
 0.007800 	 0.000181 	 0.050234 
 0.007900 	 0.000186 	 0.050871 
 0.008000 	 0.000191 	 0.051503 
 0.008100 	 0.000196 	 0.052132 
 0.008200 	 0.000202 	 0.052756 
 0.008300 	 0.000207 	 0.053376 
 0.008400 	 0.000212 	 0.053992 
 0.008500 	 0.000218 	 0.054604 
 0.008600 	 0.000223 	 0.055212 
 0.008700 	 0.000229 	 0.055815 
 0.008800 	 0.000234 	 0.056414 
 0.008900 	 0.000240 	 0.057009 
 0.009000 	 0.000246 	 0.057599 
 0.009100 	 0.000252 	 0.058185 
 0.009200 	 0.000257 	 0.058767 
 0.009300 	 0.000263 	 0.059344 
 0.009400 	 0.000269 	 0.059916 
 0.009500 	 0.000275 	 0.060484 
 0.009600 	 0.000281 	 0.061047 
 0.009700 	 0.000288 	 0.061606 
 0.009800 	 0.000294 	 0.062160 
 0.009900 	 0.000300 	 0.062709 
 0.010000 	 0.000306 	 0.063253 
 0.010100 	 0.000313 	 0.063793 
 0.010200 	 0.000319 	 0.064328 
 0.010300 	 0.000325 	 0.064857 
 0.010400 	 0.000332 	 0.065382 
 0.010500 	 0.000339 	 0.065903 
 0.010600 	 0.000345 	 0.066418 
 0.010700 	 0.000352 	 0.066928 
 0.010800 	 0.000359 	 0.067433 
 0.010900 	 0.000365 	 0.067933 
 0.011000 	 0.000372 	 0.068428 
 0.011100 	 0.000379 	 0.068918 
 0.011200 	 0.000386 	 0.069403 
 0.011300 	 0.000393 	 0.069882 
 0.011400 	 0.000400 	 0.070357 
 0.011500 	 0.000407 	 0.070826 
 0.011600 	 0.000414 	 0.071290 
 0.011700 	 0.000421 	 0.071748 
 0.011800 	 0.000428 	 0.072201 
 0.011900 	 0.000436 	 0.072649 
 0.012000 	 0.000443 	 0.073092 
 0.012100 	 0.000450 	 0.073529 
 0.012200 	 0.000458 	 0.073961 
 0.012300 	 0.000465 	 0.074387 
 0.012400 	 0.000473 	 0.074808 
 0.012500 	 0.000480 	 0.075223 
 0.012600 	 0.000488 	 0.075632 
 0.012700 	 0.000495 	 0.076036 
 0.012800 	 0.000503 	 0.076435 
 0.012900 	 0.000510 	 0.076828 
 0.013000 	 0.000518 	 0.077215 
 0.013100 	 0.000526 	 0.077597 
 0.013200 	 0.000534 	 0.077973 
 0.013300 	 0.000541 	 0.078343 
 0.013400 	 0.000549 	 0.078707 
 0.013500 	 0.000557 	 0.079066 
 0.013600 	 0.000565 	 0.079419 
 0.013700 	 0.000573 	 0.079766 
 0.013800 	 0.000581 	 0.080107 
 0.013900 	 0.000589 	 0.080443 
 0.014000 	 0.000597 	 0.080772 
 0.014100 	 0.000605 	 0.081096 
 0.014200 	 0.000613 	 0.081414 
 0.014300 	 0.000622 	 0.081725 
 0.014400 	 0.000630 	 0.082031 
 0.014500 	 0.000638 	 0.082331 
 0.014600 	 0.000646 	 0.082625 
 0.014700 	 0.000654 	 0.082913 
 0.014800 	 0.000663 	 0.083195 
 0.014900 	 0.000671 	 0.083471 
 0.015000 	 0.000679 	 0.083741 
 0.015100 	 0.000688 	 0.084005 
 0.015200 	 0.000696 	 0.084262 
 0.015300 	 0.000705 	 0.084514 
 0.015400 	 0.000713 	 0.084760 
 0.015500 	 0.000722 	 0.084999 
 0.015600 	 0.000730 	 0.085232 
 0.015700 	 0.000739 	 0.085459 
 0.015800 	 0.000747 	 0.085680 
 0.015900 	 0.000756 	 0.085895 
 0.016000 	 0.000764 	 0.086103 
 0.016100 	 0.000773 	 0.086305 
 0.016200 	 0.000782 	 0.086502 
 0.016300 	 0.000790 	 0.086691 
 0.016400 	 0.000799 	 0.086875 
 0.016500 	 0.000808 	 0.087052 
 0.016600 	 0.000816 	 0.087223 
 0.016700 	 0.000825 	 0.087388 
 0.016800 	 0.000834 	 0.087547 
 0.016900 	 0.000843 	 0.087699 
 0.017000 	 0.000851 	 0.087845 
 0.017100 	 0.000860 	 0.087984 
 0.017200 	 0.000869 	 0.088117 
 0.017300 	 0.000878 	 0.088244 
 0.017400 	 0.000887 	 0.088365 
 0.017500 	 0.000896 	 0.088479 
 0.017600 	 0.000904 	 0.088587 
 0.017700 	 0.000913 	 0.088688 
 0.017800 	 0.000922 	 0.088784 
 0.017900 	 0.000931 	 0.088872 
 0.018000 	 0.000940 	 0.088955 
 0.018100 	 0.000949 	 0.089031 
 0.018200 	 0.000958 	 0.089100 
 0.018300 	 0.000967 	 0.089164 
 0.018400 	 0.000976 	 0.089220 
 0.018500 	 0.000984 	 0.089271 
 0.018600 	 0.000993 	 0.089315 
 0.018700 	 0.001002 	 0.089352 
 0.018800 	 0.001011 	 0.089384 
 0.018900 	 0.001020 	 0.089409 
 0.019000 	 0.001029 	 0.089427 
 0.019100 	 0.001038 	 0.089439 
 0.019200 	 0.001047 	 0.089445 
 0.019300 	 0.001056 	 0.089444 
 0.019400 	 0.001065 	 0.089437 
 0.019500 	 0.001074 	 0.089423 
 0.019600 	 0.001083 	 0.089403 
 0.019700 	 0.001092 	 0.089377 
 0.019800 	 0.001101 	 0.089344 
 0.019900 	 0.001110 	 0.089305 
 0.020000 	 0.001119 	 0.089259 
 0.020100 	 0.001127 	 0.089207 
 0.020200 	 0.001136 	 0.089149 
 0.020300 	 0.001145 	 0.089084 
 0.020400 	 0.001154 	 0.089013 
 0.020500 	 0.001163 	 0.088936 
 0.020600 	 0.001172 	 0.088852 
 0.020700 	 0.001181 	 0.088762 
 0.020800 	 0.001190 	 0.088665 
 0.020900 	 0.001199 	 0.088562 
 0.021000 	 0.001207 	 0.088453 
 0.021100 	 0.001216 	 0.088338 
 0.021200 	 0.001225 	 0.088216 
 0.021300 	 0.001234 	 0.088088 
 0.021400 	 0.001243 	 0.087953 
 0.021500 	 0.001252 	 0.087812 
 0.021600 	 0.001260 	 0.087665 
 0.021700 	 0.001269 	 0.087512 
 0.021800 	 0.001278 	 0.087353 
 0.021900 	 0.001287 	 0.087187 
 0.022000 	 0.001295 	 0.087015 
 0.022100 	 0.001304 	 0.086836 
 0.022200 	 0.001313 	 0.086652 
 0.022300 	 0.001321 	 0.086461 
 0.022400 	 0.001330 	 0.086264 
 0.022500 	 0.001339 	 0.086061 
 0.022600 	 0.001347 	 0.085852 
 0.022700 	 0.001356 	 0.085636 
 0.022800 	 0.001364 	 0.085415 
 0.022900 	 0.001373 	 0.085187 
 0.023000 	 0.001381 	 0.084954 
 0.023100 	 0.001390 	 0.084714 
 0.023200 	 0.001398 	 0.084468 
 0.023300 	 0.001407 	 0.084216 
 0.023400 	 0.001415 	 0.083958 
 0.023500 	 0.001423 	 0.083694 
 0.023600 	 0.001432 	 0.083424 
 0.023700 	 0.001440 	 0.083148 
 0.023800 	 0.001448 	 0.082865 
 0.023900 	 0.001457 	 0.082578 
 0.024000 	 0.001465 	 0.082284 
 0.024100 	 0.001473 	 0.081984 
 0.024200 	 0.001481 	 0.081678 
 0.024300 	 0.001490 	 0.081366 
 0.024400 	 0.001498 	 0.081049 
 0.024500 	 0.001506 	 0.080726 
 0.024600 	 0.001514 	 0.080397 
 0.024700 	 0.001522 	 0.080062 
 0.024800 	 0.001530 	 0.079721 
 0.024900 	 0.001538 	 0.079375 
 0.025000 	 0.001546 	 0.079023 
 0.025100 	 0.001554 	 0.078665 
 0.025200 	 0.001561 	 0.078301 
 0.025300 	 0.001569 	 0.077932 
 0.025400 	 0.001577 	 0.077558 
 0.025500 	 0.001585 	 0.077177 
 0.025600 	 0.001592 	 0.076791 
 0.025700 	 0.001600 	 0.076400 
 0.025800 	 0.001608 	 0.076003 
 0.025900 	 0.001615 	 0.075600 
 0.026000 	 0.001623 	 0.075192 
 0.026100 	 0.001630 	 0.074779 
 0.026200 	 0.001638 	 0.074360 
 0.026300 	 0.001645 	 0.073936 
 0.026400 	 0.001653 	 0.073506 
 0.026500 	 0.001660 	 0.073071 
 0.026600 	 0.001667 	 0.072631 
 0.026700 	 0.001674 	 0.072185 
 0.026800 	 0.001682 	 0.071735 
 0.026900 	 0.001689 	 0.071279 
 0.027000 	 0.001696 	 0.070817 
 0.027100 	 0.001703 	 0.070351 
 0.027200 	 0.001710 	 0.069880 
 0.027300 	 0.001717 	 0.069403 
 0.027400 	 0.001724 	 0.068921 
 0.027500 	 0.001731 	 0.068435 
 0.027600 	 0.001738 	 0.067943 
 0.027700 	 0.001744 	 0.067446 
 0.027800 	 0.001751 	 0.066945 
 0.027900 	 0.001758 	 0.066438 
 0.028000 	 0.001764 	 0.065927 
 0.028100 	 0.001771 	 0.065411 
 0.028200 	 0.001777 	 0.064890 
 0.028300 	 0.001784 	 0.064364 
 0.028400 	 0.001790 	 0.063833 
 0.028500 	 0.001797 	 0.063298 
 0.028600 	 0.001803 	 0.062758 
 0.028700 	 0.001809 	 0.062214 
 0.028800 	 0.001815 	 0.061664 
 0.028900 	 0.001821 	 0.061111 
 0.029000 	 0.001828 	 0.060552 
 0.029100 	 0.001834 	 0.059990 
 0.029200 	 0.001840 	 0.059423 
 0.029300 	 0.001845 	 0.058851 
 0.029400 	 0.001851 	 0.058275 
 0.029500 	 0.001857 	 0.057695 
 0.029600 	 0.001863 	 0.057110 
 0.029700 	 0.001869 	 0.056521 
 0.029800 	 0.001874 	 0.055928 
 0.029900 	 0.001880 	 0.055331 
 0.030000 	 0.001885 	 0.054729 
 0.030100 	 0.001891 	 0.054124 
 0.030200 	 0.001896 	 0.053514 
 0.030300 	 0.001901 	 0.052900 
 0.030400 	 0.001907 	 0.052283 
 0.030500 	 0.001912 	 0.051661 
 0.030600 	 0.001917 	 0.051035 
 0.030700 	 0.001922 	 0.050406 
 0.030800 	 0.001927 	 0.049773 
 0.030900 	 0.001932 	 0.049136 
 0.031000 	 0.001937 	 0.048495 
 0.031100 	 0.001942 	 0.047851 
 0.031200 	 0.001946 	 0.047202 
 0.031300 	 0.001951 	 0.046551 
 0.031400 	 0.001956 	 0.045895 
 0.031500 	 0.001960 	 0.045236 
 0.031600 	 0.001965 	 0.044574 
 0.031700 	 0.001969 	 0.043908 
 0.031800 	 0.001974 	 0.043239 
 0.031900 	 0.001978 	 0.042566 
 0.032000 	 0.001982 	 0.041890 
 0.032100 	 0.001986 	 0.041211 
 0.032200 	 0.001990 	 0.040529 
 0.032300 	 0.001994 	 0.039843 
 0.032400 	 0.001998 	 0.039154 
 0.032500 	 0.002002 	 0.038462 
 0.032600 	 0.002006 	 0.037767 
 0.032700 	 0.002010 	 0.037069 
 0.032800 	 0.002013 	 0.036369 
 0.032900 	 0.002017 	 0.035665 
 0.033000 	 0.002021 	 0.034958 
 0.033100 	 0.002024 	 0.034248 
 0.033200 	 0.002027 	 0.033536 
 0.033300 	 0.002031 	 0.032821 
 0.033400 	 0.002034 	 0.032103 
 0.033500 	 0.002037 	 0.031383 
 0.033600 	 0.002040 	 0.030660 
 0.033700 	 0.002043 	 0.029934 
 0.033800 	 0.002046 	 0.029206 
 0.033900 	 0.002049 	 0.028476 
 0.034000 	 0.002052 	 0.027743 
 0.034100 	 0.002055 	 0.027008 
 0.034200 	 0.002057 	 0.026270 
 0.034300 	 0.002060 	 0.025530 
 0.034400 	 0.002062 	 0.024788 
 0.034500 	 0.002065 	 0.024044 
 0.034600 	 0.002067 	 0.023298 
 0.034700 	 0.002070 	 0.022549 
 0.034800 	 0.002072 	 0.021799 
 0.034900 	 0.002074 	 0.021046 
 0.035000 	 0.002076 	 0.020292 
 0.035100 	 0.002078 	 0.019536 
 0.035200 	 0.002080 	 0.018778 
 0.035300 	 0.002082 	 0.018018 
 0.035400 	 0.002083 	 0.017256 
 0.035500 	 0.002085 	 0.016493 
 0.035600 	 0.002087 	 0.015728 
 0.035700 	 0.002088 	 0.014962 
 0.035800 	 0.002090 	 0.014194 
 0.035900 	 0.002091 	 0.013424 
 0.036000 	 0.002092 	 0.012654 
 0.036100 	 0.002094 	 0.011881 
 0.036200 	 0.002095 	 0.011108 
 0.036300 	 0.002096 	 0.010333 
 0.036400 	 0.002097 	 0.009557 
 0.036500 	 0.002098 	 0.008779 
 0.036600 	 0.002099 	 0.008001 
 0.036700 	 0.002099 	 0.007221 
 0.036800 	 0.002100 	 0.006441 
 0.036900 	 0.002101 	 0.005659 
 0.037000 	 0.002101 	 0.004877 
 0.037100 	 0.002102 	 0.004093 
 0.037200 	 0.002102 	 0.003309 
 0.037300 	 0.002102 	 0.002524 
 0.037400 	 0.002103 	 0.001738 
 0.037500 	 0.002103 	 0.000952 
 0.037600 	 0.002103 	 0.000165 
 0.037700 	 0.002103 	 -0.000622 
 0.037800 	 0.002103 	 -0.001411 
 0.037900 	 0.002102 	 -0.002199 
 0.038000 	 0.002102 	 -0.002988 
 0.038100 	 0.002102 	 -0.003777 
 0.038200 	 0.002101 	 -0.004567 
 0.038300 	 0.002101 	 -0.005357 
 0.038400 	 0.002100 	 -0.006147 
 0.038500 	 0.002100 	 -0.006938 
 0.038600 	 0.002099 	 -0.007728 
 0.038700 	 0.002098 	 -0.008519 
 0.038800 	 0.002097 	 -0.009309 
 0.038900 	 0.002096 	 -0.010100 
 0.039000 	 0.002095 	 -0.010890 
 0.039100 	 0.002094 	 -0.011680 
 0.039200 	 0.002093 	 -0.012470 
 0.039300 	 0.002092 	 -0.013260 
 0.039400 	 0.002090 	 -0.014050 
 0.039500 	 0.002089 	 -0.014839 
 0.039600 	 0.002087 	 -0.015628 
 0.039700 	 0.002086 	 -0.016416 
 0.039800 	 0.002084 	 -0.017204 
 0.039900 	 0.002082 	 -0.017991 
 0.040000 	 0.002080 	 -0.018778 
 0.040100 	 0.002078 	 -0.019564 
 0.040200 	 0.002076 	 -0.020349 
 0.040300 	 0.002074 	 -0.021134 
 0.040400 	 0.002072 	 -0.021917 
 0.040500 	 0.002070 	 -0.022700 
 0.040600 	 0.002068 	 -0.023482 
 0.040700 	 0.002065 	 -0.024263 
 0.040800 	 0.002063 	 -0.025043 
 0.040900 	 0.002060 	 -0.025822 
 0.041000 	 0.002058 	 -0.026600 
 0.041100 	 0.002055 	 -0.027377 
 0.041200 	 0.002052 	 -0.028153 
 0.041300 	 0.002049 	 -0.028927 
 0.041400 	 0.002046 	 -0.029700 
 0.041500 	 0.002043 	 -0.030471 
 0.041600 	 0.002040 	 -0.031242 
 0.041700 	 0.002037 	 -0.032010 
 0.041800 	 0.002034 	 -0.032778 
 0.041900 	 0.002031 	 -0.033543 
 0.042000 	 0.002027 	 -0.034307 
 0.042100 	 0.002024 	 -0.035070 
 0.042200 	 0.002020 	 -0.035830 
 0.042300 	 0.002017 	 -0.036589 
 0.042400 	 0.002013 	 -0.037347 
 0.042500 	 0.002009 	 -0.038102 
 0.042600 	 0.002005 	 -0.038855 
 0.042700 	 0.002001 	 -0.039607 
 0.042800 	 0.001997 	 -0.040356 
 0.042900 	 0.001993 	 -0.041104 
 0.043000 	 0.001989 	 -0.041849 
 0.043100 	 0.001985 	 -0.042592 
 0.043200 	 0.001981 	 -0.043333 
 0.043300 	 0.001976 	 -0.044072 
 0.043400 	 0.001972 	 -0.044808 
 0.043500 	 0.001967 	 -0.045542 
 0.043600 	 0.001963 	 -0.046274 
 0.043700 	 0.001958 	 -0.047003 
 0.043800 	 0.001953 	 -0.047730 
 0.043900 	 0.001948 	 -0.048454 
 0.044000 	 0.001944 	 -0.049176 
 0.044100 	 0.001939 	 -0.049895 
 0.044200 	 0.001934 	 -0.050612 
 0.044300 	 0.001929 	 -0.051325 
 0.044400 	 0.001923 	 -0.052036 
 0.044500 	 0.001918 	 -0.052744 
 0.044600 	 0.001913 	 -0.053450 
 0.044700 	 0.001907 	 -0.054152 
 0.044800 	 0.001902 	 -0.054852 
 0.044900 	 0.001896 	 -0.055548 
 0.045000 	 0.001891 	 -0.056242 
 0.045100 	 0.001885 	 -0.056932 
 0.045200 	 0.001879 	 -0.057619 
 0.045300 	 0.001874 	 -0.058303 
 0.045400 	 0.001868 	 -0.058984 
 0.045500 	 0.001862 	 -0.059662 
 0.045600 	 0.001856 	 -0.060336 
 0.045700 	 0.001850 	 -0.061007 
 0.045800 	 0.001844 	 -0.061675 
 0.045900 	 0.001837 	 -0.062339 
 0.046000 	 0.001831 	 -0.063000 
 0.046100 	 0.001825 	 -0.063657 
 0.046200 	 0.001818 	 -0.064310 
 0.046300 	 0.001812 	 -0.064960 
 0.046400 	 0.001806 	 -0.065607 
 0.046500 	 0.001799 	 -0.066250 
 0.046600 	 0.001792 	 -0.066889 
 0.046700 	 0.001786 	 -0.067524 
 0.046800 	 0.001779 	 -0.068155 
 0.046900 	 0.001772 	 -0.068783 
 0.047000 	 0.001765 	 -0.069406 
 0.047100 	 0.001758 	 -0.070026 
 0.047200 	 0.001751 	 -0.070642 
 0.047300 	 0.001744 	 -0.071254 
 0.047400 	 0.001737 	 -0.071862 
 0.047500 	 0.001730 	 -0.072465 
 0.047600 	 0.001722 	 -0.073065 
 0.047700 	 0.001715 	 -0.073660 
 0.047800 	 0.001708 	 -0.074251 
 0.047900 	 0.001700 	 -0.074838 
 0.048000 	 0.001693 	 -0.075421 
 0.048100 	 0.001685 	 -0.075999 
 0.048200 	 0.001677 	 -0.076573 
 0.048300 	 0.001670 	 -0.077142 
 0.048400 	 0.001662 	 -0.077708 
 0.048500 	 0.001654 	 -0.078268 
 0.048600 	 0.001646 	 -0.078824 
 0.048700 	 0.001638 	 -0.079376 
 0.048800 	 0.001630 	 -0.079923 
 0.048900 	 0.001622 	 -0.080465 
 0.049000 	 0.001614 	 -0.081003 
 0.049100 	 0.001606 	 -0.081536 
 0.049200 	 0.001598 	 -0.082065 
 0.049300 	 0.001590 	 -0.082588 
 0.049400 	 0.001581 	 -0.083107 
 0.049500 	 0.001573 	 -0.083621 
 0.049600 	 0.001565 	 -0.084130 
 0.049700 	 0.001556 	 -0.084635 
 0.049800 	 0.001548 	 -0.085134 
 0.049900 	 0.001539 	 -0.085628 
 0.050000 	 0.001531 	 -0.086118 
 0.050100 	 0.001522 	 -0.086602 
 0.050200 	 0.001513 	 -0.087082 
 0.050300 	 0.001505 	 -0.087556 
 0.050400 	 0.001496 	 -0.088025 
 0.050500 	 0.001487 	 -0.088489 
 0.050600 	 0.001478 	 -0.088948 
 0.050700 	 0.001469 	 -0.089402 
 0.050800 	 0.001460 	 -0.089850 
 0.050900 	 0.001451 	 -0.090293 
 0.051000 	 0.001442 	 -0.090731 
 0.051100 	 0.001433 	 -0.091164 
 0.051200 	 0.001424 	 -0.091591 
 0.051300 	 0.001415 	 -0.092013 
 0.051400 	 0.001406 	 -0.092430 
 0.051500 	 0.001396 	 -0.092841 
 0.051600 	 0.001387 	 -0.093246 
 0.051700 	 0.001378 	 -0.093646 
 0.051800 	 0.001368 	 -0.094041 
 0.051900 	 0.001359 	 -0.094430 
 0.052000 	 0.001349 	 -0.094814 
 0.052100 	 0.001340 	 -0.095192 
 0.052200 	 0.001330 	 -0.095564 
 0.052300 	 0.001321 	 -0.095931 
 0.052400 	 0.001311 	 -0.096292 
 0.052500 	 0.001302 	 -0.096647 
 0.052600 	 0.001292 	 -0.096997 
 0.052700 	 0.001282 	 -0.097341 
 0.052800 	 0.001272 	 -0.097679 
 0.052900 	 0.001263 	 -0.098012 
 0.053000 	 0.001253 	 -0.098338 
 0.053100 	 0.001243 	 -0.098659 
 0.053200 	 0.001233 	 -0.098974 
 0.053300 	 0.001223 	 -0.099284 
 0.053400 	 0.001213 	 -0.099587 
 0.053500 	 0.001203 	 -0.099884 
 0.053600 	 0.001193 	 -0.100176 
 0.053700 	 0.001183 	 -0.100461 
 0.053800 	 0.001173 	 -0.100741 
 0.053900 	 0.001163 	 -0.101015 
 0.054000 	 0.001153 	 -0.101282 
 0.054100 	 0.001143 	 -0.101544 
 0.054200 	 0.001133 	 -0.101800 
 0.054300 	 0.001122 	 -0.102049 
 0.054400 	 0.001112 	 -0.102293 
 0.054500 	 0.001102 	 -0.102530 
 0.054600 	 0.001092 	 -0.102762 
 0.054700 	 0.001081 	 -0.102987 
 0.054800 	 0.001071 	 -0.103206 
 0.054900 	 0.001061 	 -0.103419 
 0.055000 	 0.001050 	 -0.103626 
 0.055100 	 0.001040 	 -0.103827 
 0.055200 	 0.001030 	 -0.104021 
 0.055300 	 0.001019 	 -0.104210 
 0.055400 	 0.001009 	 -0.104392 
 0.055500 	 0.000998 	 -0.104568 
 0.055600 	 0.000988 	 -0.104738 
 0.055700 	 0.000977 	 -0.104901 
 0.055800 	 0.000967 	 -0.105059 
 0.055900 	 0.000956 	 -0.105210 
 0.056000 	 0.000946 	 -0.105354 
 0.056100 	 0.000935 	 -0.105493 
 0.056200 	 0.000925 	 -0.105625 
 0.056300 	 0.000914 	 -0.105751 
 0.056400 	 0.000904 	 -0.105871 
 0.056500 	 0.000893 	 -0.105984 
 0.056600 	 0.000882 	 -0.106091 
 0.056700 	 0.000872 	 -0.106192 
 0.056800 	 0.000861 	 -0.106286 
 0.056900 	 0.000851 	 -0.106374 
 0.057000 	 0.000840 	 -0.106456 
 0.057100 	 0.000829 	 -0.106531 
 0.057200 	 0.000819 	 -0.106600 
 0.057300 	 0.000808 	 -0.106662 
 0.057400 	 0.000797 	 -0.106719 
 0.057500 	 0.000787 	 -0.106768 
 0.057600 	 0.000776 	 -0.106812 
 0.057700 	 0.000765 	 -0.106849 
 0.057800 	 0.000755 	 -0.106880 
 0.057900 	 0.000744 	 -0.106904 
 0.058000 	 0.000733 	 -0.106922 
 0.058100 	 0.000722 	 -0.106934 
 0.058200 	 0.000712 	 -0.106939 
 0.058300 	 0.000701 	 -0.106938 
 0.058400 	 0.000690 	 -0.106930 
 0.058500 	 0.000680 	 -0.106916 
 0.058600 	 0.000669 	 -0.106896 
 0.058700 	 0.000658 	 -0.106869 
 0.058800 	 0.000648 	 -0.106836 
 0.058900 	 0.000637 	 -0.106797 
 0.059000 	 0.000626 	 -0.106751 
 0.059100 	 0.000616 	 -0.106698 
 0.059200 	 0.000605 	 -0.106640 
 0.059300 	 0.000594 	 -0.106575 
 0.059400 	 0.000584 	 -0.106503 
 0.059500 	 0.000573 	 -0.106426 
 0.059600 	 0.000562 	 -0.106342 
 0.059700 	 0.000552 	 -0.106251 
 0.059800 	 0.000541 	 -0.106154 
 0.059900 	 0.000530 	 -0.106051 
 0.060000 	 0.000520 	 -0.105942 
 0.060100 	 0.000509 	 -0.105826 
 0.060200 	 0.000499 	 -0.105704 
 0.060300 	 0.000488 	 -0.105575 
 0.060400 	 0.000478 	 -0.105441 
 0.060500 	 0.000467 	 -0.105300 
 0.060600 	 0.000457 	 -0.105152 
 0.060700 	 0.000446 	 -0.104999 
 0.060800 	 0.000436 	 -0.104839 
 0.060900 	 0.000425 	 -0.104673 
 0.061000 	 0.000415 	 -0.104500 
 0.061100 	 0.000404 	 -0.104321 
 0.061200 	 0.000394 	 -0.104137 
 0.061300 	 0.000383 	 -0.103945 
 0.061400 	 0.000373 	 -0.103748 
 0.061500 	 0.000363 	 -0.103545 
 0.061600 	 0.000352 	 -0.103335 
 0.061700 	 0.000342 	 -0.103119 
 0.061800 	 0.000332 	 -0.102897 
 0.061900 	 0.000321 	 -0.102669 
 0.062000 	 0.000311 	 -0.102435 
 0.062100 	 0.000301 	 -0.102194 
 0.062200 	 0.000291 	 -0.101948 
 0.062300 	 0.000280 	 -0.101695 
 0.062400 	 0.000270 	 -0.101436 
 0.062500 	 0.000260 	 -0.101172 
 0.062600 	 0.000250 	 -0.100901 
 0.062700 	 0.000240 	 -0.100624 
 0.062800 	 0.000230 	 -0.100341 
 0.062900 	 0.000220 	 -0.100053 
 0.063000 	 0.000210 	 -0.099758 
 0.063100 	 0.000200 	 -0.099457 
 0.063200 	 0.000190 	 -0.099151 
 0.063300 	 0.000180 	 -0.098838 
 0.063400 	 0.000170 	 -0.098520 
 0.063500 	 0.000160 	 -0.098195 
 0.063600 	 0.000151 	 -0.097865 
 0.063700 	 0.000141 	 -0.097529 
 0.063800 	 0.000131 	 -0.097188 
 0.063900 	 0.000121 	 -0.096840 
 0.064000 	 0.000112 	 -0.096487 
 0.064100 	 0.000102 	 -0.096128 
 0.064200 	 0.000093 	 -0.095763 
 0.064300 	 0.000083 	 -0.095392 
 0.064400 	 0.000073 	 -0.095016 
 0.064500 	 0.000064 	 -0.094634 
 0.064600 	 0.000055 	 -0.094247 
 0.064700 	 0.000045 	 -0.093854 
 0.064800 	 0.000036 	 -0.093455 
 0.064900 	 0.000026 	 -0.093051 
 0.065000 	 0.000017 	 -0.092642 
 0.065100 	 0.000008 	 -0.092226 
 0.065200 	 -0.000001 	 -0.091806 
 0.065300 	 -0.000010 	 -0.091380 
 0.065400 	 -0.000020 	 -0.090948 
 0.065500 	 -0.000029 	 -0.090511 
 0.065600 	 -0.000038 	 -0.090069 
 0.065700 	 -0.000047 	 -0.089621 
 0.065800 	 -0.000056 	 -0.089168 
 0.065900 	 -0.000064 	 -0.088710 
 0.066000 	 -0.000073 	 -0.088247 
 0.066100 	 -0.000082 	 -0.087778 
 0.066200 	 -0.000091 	 -0.087304 
 0.066300 	 -0.000100 	 -0.086825 
 0.066400 	 -0.000108 	 -0.086341 
 0.066500 	 -0.000117 	 -0.085851 
 0.066600 	 -0.000125 	 -0.085357 
 0.066700 	 -0.000134 	 -0.084858 
 0.066800 	 -0.000142 	 -0.084353 
 0.066900 	 -0.000151 	 -0.083844 
 0.067000 	 -0.000159 	 -0.083329 
 0.067100 	 -0.000167 	 -0.082810 
 0.067200 	 -0.000176 	 -0.082286 
 0.067300 	 -0.000184 	 -0.081757 
 0.067400 	 -0.000192 	 -0.081223 
 0.067500 	 -0.000200 	 -0.080685 
 0.067600 	 -0.000208 	 -0.080141 
 0.067700 	 -0.000216 	 -0.079593 
 0.067800 	 -0.000224 	 -0.079040 
 0.067900 	 -0.000232 	 -0.078483 
 0.068000 	 -0.000240 	 -0.077921 
 0.068100 	 -0.000248 	 -0.077355 
 0.068200 	 -0.000255 	 -0.076783 
 0.068300 	 -0.000263 	 -0.076208 
 0.068400 	 -0.000271 	 -0.075628 
 0.068500 	 -0.000278 	 -0.075043 
 0.068600 	 -0.000286 	 -0.074454 
 0.068700 	 -0.000293 	 -0.073861 
 0.068800 	 -0.000300 	 -0.073264 
 0.068900 	 -0.000308 	 -0.072662 
 0.069000 	 -0.000315 	 -0.072056 
 0.069100 	 -0.000322 	 -0.071446 
 0.069200 	 -0.000329 	 -0.070831 
 0.069300 	 -0.000336 	 -0.070213 
 0.069400 	 -0.000343 	 -0.069590 
 0.069500 	 -0.000350 	 -0.068963 
 0.069600 	 -0.000357 	 -0.068333 
 0.069700 	 -0.000364 	 -0.067698 
 0.069800 	 -0.000371 	 -0.067060 
 0.069900 	 -0.000377 	 -0.066417 
 0.070000 	 -0.000384 	 -0.065771 
 0.070100 	 -0.000390 	 -0.065121 
 0.070200 	 -0.000397 	 -0.064467 
 0.070300 	 -0.000403 	 -0.063809 
 0.070400 	 -0.000410 	 -0.063148 
 0.070500 	 -0.000416 	 -0.062483 
 0.070600 	 -0.000422 	 -0.061815 
 0.070700 	 -0.000428 	 -0.061143 
 0.070800 	 -0.000434 	 -0.060467 
 0.070900 	 -0.000440 	 -0.059788 
 0.071000 	 -0.000446 	 -0.059106 
 0.071100 	 -0.000452 	 -0.058420 
 0.071200 	 -0.000458 	 -0.057731 
 0.071300 	 -0.000464 	 -0.057038 
 0.071400 	 -0.000469 	 -0.056343 
 0.071500 	 -0.000475 	 -0.055644 
 0.071600 	 -0.000480 	 -0.054942 
 0.071700 	 -0.000486 	 -0.054236 
 0.071800 	 -0.000491 	 -0.053528 
 0.071900 	 -0.000497 	 -0.052817 
 0.072000 	 -0.000502 	 -0.052103 
 0.072100 	 -0.000507 	 -0.051385 
 0.072200 	 -0.000512 	 -0.050665 
 0.072300 	 -0.000517 	 -0.049942 
 0.072400 	 -0.000522 	 -0.049217 
 0.072500 	 -0.000527 	 -0.048488 
 0.072600 	 -0.000532 	 -0.047757 
 0.072700 	 -0.000537 	 -0.047023 
 0.072800 	 -0.000541 	 -0.046287 
 0.072900 	 -0.000546 	 -0.045548 
 0.073000 	 -0.000550 	 -0.044806 
 0.073100 	 -0.000555 	 -0.044062 
 0.073200 	 -0.000559 	 -0.043316 
 0.073300 	 -0.000563 	 -0.042567 
 0.073400 	 -0.000568 	 -0.041816 
 0.073500 	 -0.000572 	 -0.041062 
 0.073600 	 -0.000576 	 -0.040307 
 0.073700 	 -0.000580 	 -0.039549 
 0.073800 	 -0.000584 	 -0.038789 
 0.073900 	 -0.000588 	 -0.038027 
 0.074000 	 -0.000591 	 -0.037263 
 0.074100 	 -0.000595 	 -0.036496 
 0.074200 	 -0.000599 	 -0.035728 
 0.074300 	 -0.000602 	 -0.034958 
 0.074400 	 -0.000606 	 -0.034187 
 0.074500 	 -0.000609 	 -0.033413 
 0.074600 	 -0.000612 	 -0.032638 
 0.074700 	 -0.000616 	 -0.031861 
 0.074800 	 -0.000619 	 -0.031082 
 0.074900 	 -0.000622 	 -0.030302 
 0.075000 	 -0.000625 	 -0.029520 
 0.075100 	 -0.000628 	 -0.028736 
 0.075200 	 -0.000631 	 -0.027951 
 0.075300 	 -0.000633 	 -0.027165 
 0.075400 	 -0.000636 	 -0.026378 
 0.075500 	 -0.000639 	 -0.025589 
 0.075600 	 -0.000641 	 -0.024799 
 0.075700 	 -0.000644 	 -0.024007 
 0.075800 	 -0.000646 	 -0.023215 
 0.075900 	 -0.000648 	 -0.022421 
 0.076000 	 -0.000650 	 -0.021627 
 0.076100 	 -0.000653 	 -0.020831 
 0.076200 	 -0.000655 	 -0.020034 
 0.076300 	 -0.000657 	 -0.019237 
 0.076400 	 -0.000658 	 -0.018438 
 0.076500 	 -0.000660 	 -0.017639 
 0.076600 	 -0.000662 	 -0.016839 
 0.076700 	 -0.000664 	 -0.016039 
 0.076800 	 -0.000665 	 -0.015238 
 0.076900 	 -0.000667 	 -0.014436 
 0.077000 	 -0.000668 	 -0.013633 
 0.077100 	 -0.000669 	 -0.012830 
 0.077200 	 -0.000671 	 -0.012027 
 0.077300 	 -0.000672 	 -0.011223 
 0.077400 	 -0.000673 	 -0.010419 
 0.077500 	 -0.000674 	 -0.009615 
 0.077600 	 -0.000675 	 -0.008810 
 0.077700 	 -0.000676 	 -0.008006 
 0.077800 	 -0.000676 	 -0.007201 
 0.077900 	 -0.000677 	 -0.006396 
 0.078000 	 -0.000678 	 -0.005591 
 0.078100 	 -0.000678 	 -0.004786 
 0.078200 	 -0.000679 	 -0.003981 
 0.078300 	 -0.000679 	 -0.003176 
 0.078400 	 -0.000679 	 -0.002371 
 0.078500 	 -0.000679 	 -0.001567 
 0.078600 	 -0.000680 	 -0.000763 
 0.078700 	 -0.000680 	 0.000041 
 0.078800 	 -0.000680 	 0.000844 
 0.078900 	 -0.000679 	 0.001647 
 0.079000 	 -0.000679 	 0.002450 
 0.079100 	 -0.000679 	 0.003252 
 0.079200 	 -0.000679 	 0.004053 
 0.079300 	 -0.000678 	 0.004854 
 0.079400 	 -0.000678 	 0.005654 
 0.079500 	 -0.000677 	 0.006454 
 0.079600 	 -0.000676 	 0.007252 
 0.079700 	 -0.000676 	 0.008050 
 0.079800 	 -0.000675 	 0.008847 
 0.079900 	 -0.000674 	 0.009643 
 0.080000 	 -0.000673 	 0.010438 
 0.080100 	 -0.000672 	 0.011232 
 0.080200 	 -0.000671 	 0.012025 
 0.080300 	 -0.000669 	 0.012816 
 0.080400 	 -0.000668 	 0.013607 
 0.080500 	 -0.000667 	 0.014396 
 0.080600 	 -0.000665 	 0.015184 
 0.080700 	 -0.000664 	 0.015971 
 0.080800 	 -0.000662 	 0.016756 
 0.080900 	 -0.000660 	 0.017540 
 0.081000 	 -0.000658 	 0.018322 
 0.081100 	 -0.000657 	 0.019103 
 0.081200 	 -0.000655 	 0.019883 
 0.081300 	 -0.000653 	 0.020660 
 0.081400 	 -0.000650 	 0.021436 
 0.081500 	 -0.000648 	 0.022210 
 0.081600 	 -0.000646 	 0.022983 
 0.081700 	 -0.000644 	 0.023753 
 0.081800 	 -0.000641 	 0.024522 
 0.081900 	 -0.000639 	 0.025289 
 0.082000 	 -0.000636 	 0.026053 
 0.082100 	 -0.000634 	 0.026816 
 0.082200 	 -0.000631 	 0.027577 
 0.082300 	 -0.000628 	 0.028335 
 0.082400 	 -0.000625 	 0.029092 
 0.082500 	 -0.000622 	 0.029846 
 0.082600 	 -0.000619 	 0.030598 
 0.082700 	 -0.000616 	 0.031347 
 0.082800 	 -0.000613 	 0.032095 
 0.082900 	 -0.000610 	 0.032839 
 0.083000 	 -0.000606 	 0.033582 
 0.083100 	 -0.000603 	 0.034321 
 0.083200 	 -0.000599 	 0.035059 
 0.083300 	 -0.000596 	 0.035793 
 0.083400 	 -0.000592 	 0.036525 
 0.083500 	 -0.000589 	 0.037255 
 0.083600 	 -0.000585 	 0.037981 
 0.083700 	 -0.000581 	 0.038705 
 0.083800 	 -0.000577 	 0.039426 
 0.083900 	 -0.000573 	 0.040144 
 0.084000 	 -0.000569 	 0.040859 
 0.084100 	 -0.000565 	 0.041572 
 0.084200 	 -0.000561 	 0.042281 
 0.084300 	 -0.000557 	 0.042987 
 0.084400 	 -0.000552 	 0.043690 
 0.084500 	 -0.000548 	 0.044390 
 0.084600 	 -0.000543 	 0.045087 
 0.084700 	 -0.000539 	 0.045780 
 0.084800 	 -0.000534 	 0.046470 
 0.084900 	 -0.000529 	 0.047157 
 0.085000 	 -0.000525 	 0.047841 
 0.085100 	 -0.000520 	 0.048521 
 0.085200 	 -0.000515 	 0.049197 
 0.085300 	 -0.000510 	 0.049870 
 0.085400 	 -0.000505 	 0.050540 
 0.085500 	 -0.000500 	 0.051206 
 0.085600 	 -0.000495 	 0.051868 
 0.085700 	 -0.000490 	 0.052527 
 0.085800 	 -0.000484 	 0.053182 
 0.085900 	 -0.000479 	 0.053833 
 0.086000 	 -0.000474 	 0.054481 
 0.086100 	 -0.000468 	 0.055124 
 0.086200 	 -0.000463 	 0.055764 
 0.086300 	 -0.000457 	 0.056400 
 0.086400 	 -0.000451 	 0.057032 
 0.086500 	 -0.000445 	 0.057660 
 0.086600 	 -0.000440 	 0.058284 
 0.086700 	 -0.000434 	 0.058903 
 0.086800 	 -0.000428 	 0.059519 
 0.086900 	 -0.000422 	 0.060131 
 0.087000 	 -0.000416 	 0.060738 
 0.087100 	 -0.000410 	 0.061341 
 0.087200 	 -0.000404 	 0.061940 
 0.087300 	 -0.000397 	 0.062534 
 0.087400 	 -0.000391 	 0.063125 
 0.087500 	 -0.000385 	 0.063710 
 0.087600 	 -0.000378 	 0.064292 
 0.087700 	 -0.000372 	 0.064869 
 0.087800 	 -0.000365 	 0.065441 
 0.087900 	 -0.000359 	 0.066009 
 0.088000 	 -0.000352 	 0.066572 
 0.088100 	 -0.000346 	 0.067131 
 0.088200 	 -0.000339 	 0.067685 
 0.088300 	 -0.000332 	 0.068235 
 0.088400 	 -0.000325 	 0.068779 
 0.088500 	 -0.000318 	 0.069319 
 0.088600 	 -0.000311 	 0.069855 
 0.088700 	 -0.000304 	 0.070385 
 0.088800 	 -0.000297 	 0.070911 
 0.088900 	 -0.000290 	 0.071431 
 0.089000 	 -0.000283 	 0.071947 
 0.089100 	 -0.000276 	 0.072458 
 0.089200 	 -0.000268 	 0.072964 
 0.089300 	 -0.000261 	 0.073465 
 0.089400 	 -0.000254 	 0.073960 
 0.089500 	 -0.000246 	 0.074451 
 0.089600 	 -0.000239 	 0.074937 
 0.089700 	 -0.000231 	 0.075417 
 0.089800 	 -0.000224 	 0.075893 
 0.089900 	 -0.000216 	 0.076363 
 0.090000 	 -0.000208 	 0.076828 
 0.090100 	 -0.000201 	 0.077288 
 0.090200 	 -0.000193 	 0.077742 
 0.090300 	 -0.000185 	 0.078191 
 0.090400 	 -0.000177 	 0.078635 
 0.090500 	 -0.000169 	 0.079073 
 0.090600 	 -0.000162 	 0.079507 
 0.090700 	 -0.000154 	 0.079934 
 0.090800 	 -0.000146 	 0.080356 
 0.090900 	 -0.000138 	 0.080773 
 0.091000 	 -0.000129 	 0.081184 
 0.091100 	 -0.000121 	 0.081590 
 0.091200 	 -0.000113 	 0.081990 
 0.091300 	 -0.000105 	 0.082385 
 0.091400 	 -0.000097 	 0.082774 
 0.091500 	 -0.000088 	 0.083157 
 0.091600 	 -0.000080 	 0.083535 
 0.091700 	 -0.000072 	 0.083907 
 0.091800 	 -0.000063 	 0.084273 
 0.091900 	 -0.000055 	 0.084633 
 0.092000 	 -0.000046 	 0.084988 
 0.092100 	 -0.000038 	 0.085337 
 0.092200 	 -0.000029 	 0.085681 
 0.092300 	 -0.000021 	 0.086018 
 0.092400 	 -0.000012 	 0.086350 
 0.092500 	 -0.000003 	 0.086676 
 0.092600 	 0.000005 	 0.086996 
 0.092700 	 0.000014 	 0.087310 
 0.092800 	 0.000023 	 0.087618 
 0.092900 	 0.000032 	 0.087920 
 0.093000 	 0.000040 	 0.088216 
 0.093100 	 0.000049 	 0.088507 
 0.093200 	 0.000058 	 0.088791 
 0.093300 	 0.000067 	 0.089069 
 0.093400 	 0.000076 	 0.089341 
 0.093500 	 0.000085 	 0.089608 
 0.093600 	 0.000094 	 0.089868 
 0.093700 	 0.000103 	 0.090122 
 0.093800 	 0.000112 	 0.090370 
 0.093900 	 0.000121 	 0.090612 
 0.094000 	 0.000130 	 0.090848 
 0.094100 	 0.000139 	 0.091077 
 0.094200 	 0.000148 	 0.091301 
 0.094300 	 0.000157 	 0.091518 
 0.094400 	 0.000166 	 0.091729 
 0.094500 	 0.000176 	 0.091934 
 0.094600 	 0.000185 	 0.092133 
 0.094700 	 0.000194 	 0.092326 
 0.094800 	 0.000203 	 0.092512 
 0.094900 	 0.000213 	 0.092692 
 0.095000 	 0.000222 	 0.092866 
 0.095100 	 0.000231 	 0.093034 
 0.095200 	 0.000240 	 0.093195 
 0.095300 	 0.000250 	 0.093350 
 0.095400 	 0.000259 	 0.093499 
 0.095500 	 0.000268 	 0.093641 
 0.095600 	 0.000278 	 0.093777 
 0.095700 	 0.000287 	 0.093907 
 0.095800 	 0.000297 	 0.094031 
 0.095900 	 0.000306 	 0.094148 
 0.096000 	 0.000315 	 0.094259 
 0.096100 	 0.000325 	 0.094363 
 0.096200 	 0.000334 	 0.094461 
 0.096300 	 0.000344 	 0.094553 
 0.096400 	 0.000353 	 0.094639 
 0.096500 	 0.000363 	 0.094718 
 0.096600 	 0.000372 	 0.094790 
 0.096700 	 0.000382 	 0.094857 
 0.096800 	 0.000391 	 0.094917 
 0.096900 	 0.000401 	 0.094970 
 0.097000 	 0.000410 	 0.095017 
 0.097100 	 0.000420 	 0.095058 
 0.097200 	 0.000429 	 0.095093 
 0.097300 	 0.000439 	 0.095121 
 0.097400 	 0.000448 	 0.095142 
 0.097500 	 0.000458 	 0.095157 
 0.097600 	 0.000467 	 0.095166 
 0.097700 	 0.000477 	 0.095168 
 0.097800 	 0.000486 	 0.095164 
 0.097900 	 0.000496 	 0.095154 
 0.098000 	 0.000505 	 0.095137 
 0.098100 	 0.000515 	 0.095114 
 0.098200 	 0.000524 	 0.095084 
 0.098300 	 0.000534 	 0.095048 
 0.098400 	 0.000543 	 0.095006 
 0.098500 	 0.000553 	 0.094957 
 0.098600 	 0.000562 	 0.094902 
 0.098700 	 0.000572 	 0.094841 
 0.098800 	 0.000581 	 0.094773 
 0.098900 	 0.000591 	 0.094699 
 0.099000 	 0.000600 	 0.094618 
 0.099100 	 0.000610 	 0.094531 
 0.099200 	 0.000619 	 0.094438 
 0.099300 	 0.000629 	 0.094338 
 0.099400 	 0.000638 	 0.094232 
 0.099500 	 0.000647 	 0.094120 
 0.099600 	 0.000657 	 0.094001 
 0.099700 	 0.000666 	 0.093876 
 0.099800 	 0.000676 	 0.093745 
 0.099900 	 0.000685 	 0.093607 
 0.100000 	 0.000694 	 0.093463 
 0.100100 	 0.000704 	 0.093313 
 0.100200 	 0.000713 	 0.093156 
 0.100300 	 0.000722 	 0.092994 
 0.100400 	 0.000732 	 0.092825 
 0.100500 	 0.000741 	 0.092650 
 0.100600 	 0.000750 	 0.092468 
 0.100700 	 0.000759 	 0.092280 
 0.100800 	 0.000769 	 0.092087 
 0.100900 	 0.000778 	 0.091887 
 0.101000 	 0.000787 	 0.091680 
 0.101100 	 0.000796 	 0.091468 
 0.101200 	 0.000805 	 0.091249 
 0.101300 	 0.000814 	 0.091025 
 0.101400 	 0.000823 	 0.090794 
 0.101500 	 0.000833 	 0.090557 
 0.101600 	 0.000842 	 0.090314 
 0.101700 	 0.000851 	 0.090065 
 0.101800 	 0.000860 	 0.089810 
 0.101900 	 0.000869 	 0.089549 
 0.102000 	 0.000877 	 0.089281 
 0.102100 	 0.000886 	 0.089008 
 0.102200 	 0.000895 	 0.088729 
 0.102300 	 0.000904 	 0.088444 
 0.102400 	 0.000913 	 0.088153 
 0.102500 	 0.000922 	 0.087856 
 0.102600 	 0.000931 	 0.087553 
 0.102700 	 0.000939 	 0.087244 
 0.102800 	 0.000948 	 0.086929 
 0.102900 	 0.000957 	 0.086608 
 0.103000 	 0.000965 	 0.086282 
 0.103100 	 0.000974 	 0.085950 
 0.103200 	 0.000982 	 0.085612 
 0.103300 	 0.000991 	 0.085268 
 0.103400 	 0.001000 	 0.084918 
 0.103500 	 0.001008 	 0.084563 
 0.103600 	 0.001016 	 0.084202 
 0.103700 	 0.001025 	 0.083835 
 0.103800 	 0.001033 	 0.083463 
 0.103900 	 0.001042 	 0.083085 
 0.104000 	 0.001050 	 0.082702 
 0.104100 	 0.001058 	 0.082312 
 0.104200 	 0.001066 	 0.081918 
 0.104300 	 0.001074 	 0.081517 
 0.104400 	 0.001083 	 0.081112 
 0.104500 	 0.001091 	 0.080701 
 0.104600 	 0.001099 	 0.080284 
 0.104700 	 0.001107 	 0.079862 
 0.104800 	 0.001115 	 0.079434 
 0.104900 	 0.001123 	 0.079001 
 0.105000 	 0.001131 	 0.078563 
 0.105100 	 0.001138 	 0.078120 
 0.105200 	 0.001146 	 0.077671 
 0.105300 	 0.001154 	 0.077217 
 0.105400 	 0.001162 	 0.076758 
 0.105500 	 0.001169 	 0.076293 
 0.105600 	 0.001177 	 0.075823 
 0.105700 	 0.001184 	 0.075349 
 0.105800 	 0.001192 	 0.074869 
 0.105900 	 0.001199 	 0.074384 
 0.106000 	 0.001207 	 0.073894 
 0.106100 	 0.001214 	 0.073399 
 0.106200 	 0.001221 	 0.072899 
 0.106300 	 0.001229 	 0.072394 
 0.106400 	 0.001236 	 0.071884 
 0.106500 	 0.001243 	 0.071369 
 0.106600 	 0.001250 	 0.070850 
 0.106700 	 0.001257 	 0.070325 
 0.106800 	 0.001264 	 0.069796 
 0.106900 	 0.001271 	 0.069262 
 0.107000 	 0.001278 	 0.068724 
 0.107100 	 0.001285 	 0.068180 
 0.107200 	 0.001292 	 0.067632 
 0.107300 	 0.001299 	 0.067080 
 0.107400 	 0.001305 	 0.066523 
 0.107500 	 0.001312 	 0.065961 
 0.107600 	 0.001318 	 0.065395 
 0.107700 	 0.001325 	 0.064824 
 0.107800 	 0.001331 	 0.064249 
 0.107900 	 0.001338 	 0.063670 
 0.108000 	 0.001344 	 0.063086 
 0.108100 	 0.001350 	 0.062498 
 0.108200 	 0.001357 	 0.061905 
 0.108300 	 0.001363 	 0.061309 
 0.108400 	 0.001369 	 0.060708 
 0.108500 	 0.001375 	 0.060103 
 0.108600 	 0.001381 	 0.059494 
 0.108700 	 0.001387 	 0.058880 
 0.108800 	 0.001393 	 0.058263 
 0.108900 	 0.001398 	 0.057642 
 0.109000 	 0.001404 	 0.057017 
 0.109100 	 0.001410 	 0.056387 
 0.109200 	 0.001415 	 0.055754 
 0.109300 	 0.001421 	 0.055118 
 0.109400 	 0.001426 	 0.054477 
 0.109500 	 0.001432 	 0.053832 
 0.109600 	 0.001437 	 0.053184 
 0.109700 	 0.001443 	 0.052533 
 0.109800 	 0.001448 	 0.051877 
 0.109900 	 0.001453 	 0.051218 
 0.110000 	 0.001458 	 0.050555 
 0.110100 	 0.001463 	 0.049889 
 0.110200 	 0.001468 	 0.049220 
 0.110300 	 0.001473 	 0.048547 
 0.110400 	 0.001478 	 0.047870 
 0.110500 	 0.001482 	 0.047191 
 0.110600 	 0.001487 	 0.046508 
 0.110700 	 0.001492 	 0.045821 
 0.110800 	 0.001496 	 0.045132 
 0.110900 	 0.001501 	 0.044439 
 0.111000 	 0.001505 	 0.043744 
 0.111100 	 0.001510 	 0.043045 
 0.111200 	 0.001514 	 0.042343 
 0.111300 	 0.001518 	 0.041638 
 0.111400 	 0.001522 	 0.040931 
 0.111500 	 0.001526 	 0.040220 
 0.111600 	 0.001530 	 0.039507 
 0.111700 	 0.001534 	 0.038790 
 0.111800 	 0.001538 	 0.038071 
 0.111900 	 0.001542 	 0.037350 
 0.112000 	 0.001545 	 0.036625 
 0.112100 	 0.001549 	 0.035898 
 0.112200 	 0.001553 	 0.035169 
 0.112300 	 0.001556 	 0.034437 
 0.112400 	 0.001559 	 0.033702 
 0.112500 	 0.001563 	 0.032965 
 0.112600 	 0.001566 	 0.032226 
 0.112700 	 0.001569 	 0.031484 
 0.112800 	 0.001572 	 0.030740 
 0.112900 	 0.001575 	 0.029994 
 0.113000 	 0.001578 	 0.029246 
 0.113100 	 0.001581 	 0.028496 
 0.113200 	 0.001584 	 0.027743 
 0.113300 	 0.001587 	 0.026988 
 0.113400 	 0.001589 	 0.026232 
 0.113500 	 0.001592 	 0.025473 
 0.113600 	 0.001595 	 0.024713 
 0.113700 	 0.001597 	 0.023951 
 0.113800 	 0.001599 	 0.023187 
 0.113900 	 0.001602 	 0.022421 
 0.114000 	 0.001604 	 0.021653 
 0.114100 	 0.001606 	 0.020884 
 0.114200 	 0.001608 	 0.020113 
 0.114300 	 0.001610 	 0.019341 
 0.114400 	 0.001612 	 0.018567 
 0.114500 	 0.001614 	 0.017792 
 0.114600 	 0.001615 	 0.017016 
 0.114700 	 0.001617 	 0.016238 
 0.114800 	 0.001619 	 0.015458 
 0.114900 	 0.001620 	 0.014678 
 0.115000 	 0.001622 	 0.013896 
 0.115100 	 0.001623 	 0.013113 
 0.115200 	 0.001624 	 0.012329 
 0.115300 	 0.001625 	 0.011544 
 0.115400 	 0.001627 	 0.010758 
 0.115500 	 0.001628 	 0.009971 
 0.115600 	 0.001629 	 0.009184 
 0.115700 	 0.001629 	 0.008395 
 0.115800 	 0.001630 	 0.007605 
 0.115900 	 0.001631 	 0.006815 
 0.116000 	 0.001632 	 0.006024 
 0.116100 	 0.001632 	 0.005233 
 0.116200 	 0.001633 	 0.004441 
 0.116300 	 0.001633 	 0.003648 
 0.116400 	 0.001633 	 0.002855 
 0.116500 	 0.001634 	 0.002061 
 0.116600 	 0.001634 	 0.001267 
 0.116700 	 0.001634 	 0.000473 
 0.116800 	 0.001634 	 -0.000322 
 0.116900 	 0.001634 	 -0.001117 
 0.117000 	 0.001634 	 -0.001912 
 0.117100 	 0.001633 	 -0.002707 
 0.117200 	 0.001633 	 -0.003502 
 0.117300 	 0.001633 	 -0.004297 
 0.117400 	 0.001632 	 -0.005093 
 0.117500 	 0.001632 	 -0.005888 
 0.117600 	 0.001631 	 -0.006683 
 0.117700 	 0.001630 	 -0.007478 
 0.117800 	 0.001630 	 -0.008272 
 0.117900 	 0.001629 	 -0.009067 
 0.118000 	 0.001628 	 -0.009861 
 0.118100 	 0.001627 	 -0.010654 
 0.118200 	 0.001626 	 -0.011448 
 0.118300 	 0.001624 	 -0.012240 
 0.118400 	 0.001623 	 -0.013033 
 0.118500 	 0.001622 	 -0.013824 
 0.118600 	 0.001620 	 -0.014615 
 0.118700 	 0.001619 	 -0.015406 
 0.118800 	 0.001617 	 -0.016195 
 0.118900 	 0.001616 	 -0.016984 
 0.119000 	 0.001614 	 -0.017772 
 0.119100 	 0.001612 	 -0.018559 
 0.119200 	 0.001610 	 -0.019345 
 0.119300 	 0.001608 	 -0.020130 
 0.119400 	 0.001606 	 -0.020914 
 0.119500 	 0.001604 	 -0.021697 
 0.119600 	 0.001602 	 -0.022479 
 0.119700 	 0.001600 	 -0.023260 
 0.119800 	 0.001597 	 -0.024039 
 0.119900 	 0.001595 	 -0.024817 
 0.120000 	 0.001592 	 -0.025594 
 0.120100 	 0.001590 	 -0.026369 
 0.120200 	 0.001587 	 -0.027143 
 0.120300 	 0.001584 	 -0.027916 
 0.120400 	 0.001581 	 -0.028687 
 0.120500 	 0.001578 	 -0.029456 
 0.120600 	 0.001575 	 -0.030224 
 0.120700 	 0.001572 	 -0.030990 
 0.120800 	 0.001569 	 -0.031754 
 0.120900 	 0.001566 	 -0.032516 
 0.121000 	 0.001563 	 -0.033277 
 0.121100 	 0.001559 	 -0.034036 
 0.121200 	 0.001556 	 -0.034792 
 0.121300 	 0.001552 	 -0.035547 
 0.121400 	 0.001549 	 -0.036300 
 0.121500 	 0.001545 	 -0.037051 
 0.121600 	 0.001541 	 -0.037799 
 0.121700 	 0.001538 	 -0.038546 
 0.121800 	 0.001534 	 -0.039290 
 0.121900 	 0.001530 	 -0.040032 
 0.122000 	 0.001526 	 -0.040771 
 0.122100 	 0.001522 	 -0.041508 
 0.122200 	 0.001517 	 -0.042243 
 0.122300 	 0.001513 	 -0.042975 
 0.122400 	 0.001509 	 -0.043705 
 0.122500 	 0.001504 	 -0.044433 
 0.122600 	 0.001500 	 -0.045157 
 0.122700 	 0.001495 	 -0.045879 
 0.122800 	 0.001491 	 -0.046598 
 0.122900 	 0.001486 	 -0.047315 
 0.123000 	 0.001481 	 -0.048029 
 0.123100 	 0.001476 	 -0.048740 
 0.123200 	 0.001472 	 -0.049448 
 0.123300 	 0.001467 	 -0.050153 
 0.123400 	 0.001462 	 -0.050855 
 0.123500 	 0.001456 	 -0.051554 
 0.123600 	 0.001451 	 -0.052250 
 0.123700 	 0.001446 	 -0.052943 
 0.123800 	 0.001441 	 -0.053633 
 0.123900 	 0.001435 	 -0.054320 
 0.124000 	 0.001430 	 -0.055003 
 0.124100 	 0.001424 	 -0.055683 
 0.124200 	 0.001419 	 -0.056360 
 0.124300 	 0.001413 	 -0.057033 
 0.124400 	 0.001407 	 -0.057703 
 0.124500 	 0.001401 	 -0.058370 
 0.124600 	 0.001396 	 -0.059033 
 0.124700 	 0.001390 	 -0.059692 
 0.124800 	 0.001384 	 -0.060348 
 0.124900 	 0.001378 	 -0.061000 
 0.125000 	 0.001371 	 -0.061649 
 0.125100 	 0.001365 	 -0.062294 
 0.125200 	 0.001359 	 -0.062935 
 0.125300 	 0.001353 	 -0.063572 
 0.125400 	 0.001346 	 -0.064206 
 0.125500 	 0.001340 	 -0.064835 
 0.125600 	 0.001333 	 -0.065461 
 0.125700 	 0.001327 	 -0.066083 
 0.125800 	 0.001320 	 -0.066700 
 0.125900 	 0.001313 	 -0.067314 
 0.126000 	 0.001307 	 -0.067924 
 0.126100 	 0.001300 	 -0.068529 
 0.126200 	 0.001293 	 -0.069131 
 0.126300 	 0.001286 	 -0.069728 
 0.126400 	 0.001279 	 -0.070321 
 0.126500 	 0.001272 	 -0.070909 
 0.126600 	 0.001265 	 -0.071494 
 0.126700 	 0.001258 	 -0.072074 
 0.126800 	 0.001250 	 -0.072649 
 0.126900 	 0.001243 	 -0.073220 
 0.127000 	 0.001236 	 -0.073787 
 0.127100 	 0.001228 	 -0.074349 
 0.127200 	 0.001221 	 -0.074907 
 0.127300 	 0.001213 	 -0.075460 
 0.127400 	 0.001206 	 -0.076009 
 0.127500 	 0.001198 	 -0.076553 
 0.127600 	 0.001190 	 -0.077092 
 0.127700 	 0.001183 	 -0.077626 
 0.127800 	 0.001175 	 -0.078156 
 0.127900 	 0.001167 	 -0.078681 
 0.128000 	 0.001159 	 -0.079201 
 0.128100 	 0.001151 	 -0.079717 
 0.128200 	 0.001143 	 -0.080227 
 0.128300 	 0.001135 	 -0.080733 
 0.128400 	 0.001127 	 -0.081234 
 0.128500 	 0.001119 	 -0.081729 
 0.128600 	 0.001111 	 -0.082220 
 0.128700 	 0.001102 	 -0.082705 
 0.128800 	 0.001094 	 -0.083186 
 0.128900 	 0.001086 	 -0.083661 
 0.129000 	 0.001077 	 -0.084132 
 0.129100 	 0.001069 	 -0.084597 
 0.129200 	 0.001061 	 -0.085057 
 0.129300 	 0.001052 	 -0.085512 
 0.129400 	 0.001043 	 -0.085961 
 0.129500 	 0.001035 	 -0.086405 
 0.129600 	 0.001026 	 -0.086844 
 0.129700 	 0.001017 	 -0.087278 
 0.129800 	 0.001009 	 -0.087706 
 0.129900 	 0.001000 	 -0.088129 
 0.130000 	 0.000991 	 -0.088546 
 0.130100 	 0.000982 	 -0.088958 
 0.130200 	 0.000973 	 -0.089365 
 0.130300 	 0.000964 	 -0.089766 
 0.130400 	 0.000955 	 -0.090161 
 0.130500 	 0.000946 	 -0.090551 
 0.130600 	 0.000937 	 -0.090936 
 0.130700 	 0.000928 	 -0.091314 
 0.130800 	 0.000919 	 -0.091687 
 0.130900 	 0.000910 	 -0.092055 
 0.131000 	 0.000901 	 -0.092417 
 0.131100 	 0.000891 	 -0.092773 
 0.131200 	 0.000882 	 -0.093123 
 0.131300 	 0.000873 	 -0.093468 
 0.131400 	 0.000863 	 -0.093807 
 0.131500 	 0.000854 	 -0.094140 
 0.131600 	 0.000844 	 -0.094467 
 0.131700 	 0.000835 	 -0.094789 
 0.131800 	 0.000826 	 -0.095104 
 0.131900 	 0.000816 	 -0.095414 
 0.132000 	 0.000806 	 -0.095718 
 0.132100 	 0.000797 	 -0.096016 
 0.132200 	 0.000787 	 -0.096308 
 0.132300 	 0.000778 	 -0.096594 
 0.132400 	 0.000768 	 -0.096874 
 0.132500 	 0.000758 	 -0.097148 
 0.132600 	 0.000748 	 -0.097416 
 0.132700 	 0.000739 	 -0.097678 
 0.132800 	 0.000729 	 -0.097934 
 0.132900 	 0.000719 	 -0.098185 
 0.133000 	 0.000709 	 -0.098428 
 0.133100 	 0.000699 	 -0.098666 
 0.133200 	 0.000690 	 -0.098898 
 0.133300 	 0.000680 	 -0.099124 
 0.133400 	 0.000670 	 -0.099343 
 0.133500 	 0.000660 	 -0.099557 
 0.133600 	 0.000650 	 -0.099764 
 0.133700 	 0.000640 	 -0.099965 
 0.133800 	 0.000630 	 -0.100160 
 0.133900 	 0.000620 	 -0.100349 
 0.134000 	 0.000610 	 -0.100531 
 0.134100 	 0.000600 	 -0.100707 
 0.134200 	 0.000590 	 -0.100877 
 0.134300 	 0.000580 	 -0.101041 
 0.134400 	 0.000569 	 -0.101199 
 0.134500 	 0.000559 	 -0.101350 
 0.134600 	 0.000549 	 -0.101495 
 0.134700 	 0.000539 	 -0.101633 
 0.134800 	 0.000529 	 -0.101766 
 0.134900 	 0.000519 	 -0.101892 
 0.135000 	 0.000508 	 -0.102012 
 0.135100 	 0.000498 	 -0.102125 
 0.135200 	 0.000488 	 -0.102232 
 0.135300 	 0.000478 	 -0.102333 
 0.135400 	 0.000468 	 -0.102428 
 0.135500 	 0.000457 	 -0.102516 
 0.135600 	 0.000447 	 -0.102598 
 0.135700 	 0.000437 	 -0.102673 
 0.135800 	 0.000427 	 -0.102742 
 0.135900 	 0.000416 	 -0.102805 
 0.136000 	 0.000406 	 -0.102861 
 0.136100 	 0.000396 	 -0.102911 
 0.136200 	 0.000385 	 -0.102955 
 0.136300 	 0.000375 	 -0.102992 
 0.136400 	 0.000365 	 -0.103023 
 0.136500 	 0.000354 	 -0.103047 
 0.136600 	 0.000344 	 -0.103065 
 0.136700 	 0.000334 	 -0.103077 
 0.136800 	 0.000324 	 -0.103082 
 0.136900 	 0.000313 	 -0.103081 
 0.137000 	 0.000303 	 -0.103073 
 0.137100 	 0.000293 	 -0.103059 
 0.137200 	 0.000282 	 -0.103039 
 0.137300 	 0.000272 	 -0.103012 
 0.137400 	 0.000262 	 -0.102979 
 0.137500 	 0.000251 	 -0.102940 
 0.137600 	 0.000241 	 -0.102894 
 0.137700 	 0.000231 	 -0.102842 
 0.137800 	 0.000221 	 -0.102783 
 0.137900 	 0.000210 	 -0.102718 
 0.138000 	 0.000200 	 -0.102647 
 0.138100 	 0.000190 	 -0.102569 
 0.138200 	 0.000180 	 -0.102485 
 0.138300 	 0.000169 	 -0.102395 
 0.138400 	 0.000159 	 -0.102298 
 0.138500 	 0.000149 	 -0.102195 
 0.138600 	 0.000139 	 -0.102085 
 0.138700 	 0.000128 	 -0.101969 
 0.138800 	 0.000118 	 -0.101847 
 0.138900 	 0.000108 	 -0.101719 
 0.139000 	 0.000098 	 -0.101584 
 0.139100 	 0.000088 	 -0.101443 
 0.139200 	 0.000078 	 -0.101296 
 0.139300 	 0.000067 	 -0.101142 
 0.139400 	 0.000057 	 -0.100982 
 0.139500 	 0.000047 	 -0.100816 
 0.139600 	 0.000037 	 -0.100644 
 0.139700 	 0.000027 	 -0.100465 
 0.139800 	 0.000017 	 -0.100280 
 0.139900 	 0.000007 	 -0.100089 
 0.140000 	 -0.000003 	 -0.099892 
 0.140100 	 -0.000013 	 -0.099689 
 0.140200 	 -0.000023 	 -0.099479 
 0.140300 	 -0.000033 	 -0.099263 
 0.140400 	 -0.000043 	 -0.099041 
 0.140500 	 -0.000053 	 -0.098813 
 0.140600 	 -0.000062 	 -0.098579 
 0.140700 	 -0.000072 	 -0.098339 
 0.140800 	 -0.000082 	 -0.098092 
 0.140900 	 -0.000092 	 -0.097840 
 0.141000 	 -0.000102 	 -0.097581 
 0.141100 	 -0.000111 	 -0.097316 
 0.141200 	 -0.000121 	 -0.097046 
 0.141300 	 -0.000131 	 -0.096769 
 0.141400 	 -0.000141 	 -0.096486 
 0.141500 	 -0.000150 	 -0.096198 
 0.141600 	 -0.000160 	 -0.095903 
 0.141700 	 -0.000169 	 -0.095603 
 0.141800 	 -0.000179 	 -0.095296 
 0.141900 	 -0.000188 	 -0.094984 
 0.142000 	 -0.000198 	 -0.094666 
 0.142100 	 -0.000207 	 -0.094342 
 0.142200 	 -0.000217 	 -0.094012 
 0.142300 	 -0.000226 	 -0.093676 
 0.142400 	 -0.000236 	 -0.093334 
 0.142500 	 -0.000245 	 -0.092987 
 0.142600 	 -0.000254 	 -0.092634 
 0.142700 	 -0.000263 	 -0.092275 
 0.142800 	 -0.000273 	 -0.091910 
 0.142900 	 -0.000282 	 -0.091540 
 0.143000 	 -0.000291 	 -0.091164 
 0.143100 	 -0.000300 	 -0.090783 
 0.143200 	 -0.000309 	 -0.090396 
 0.143300 	 -0.000318 	 -0.090003 
 0.143400 	 -0.000327 	 -0.089605 
 0.143500 	 -0.000336 	 -0.089201 
 0.143600 	 -0.000345 	 -0.088791 
 0.143700 	 -0.000354 	 -0.088377 
 0.143800 	 -0.000363 	 -0.087956 
 0.143900 	 -0.000371 	 -0.087530 
 0.144000 	 -0.000380 	 -0.087099 
 0.144100 	 -0.000389 	 -0.086663 
 0.144200 	 -0.000397 	 -0.086221 
 0.144300 	 -0.000406 	 -0.085774 
 0.144400 	 -0.000415 	 -0.085321 
 0.144500 	 -0.000423 	 -0.084863 
 0.144600 	 -0.000431 	 -0.084400 
 0.144700 	 -0.000440 	 -0.083932 
 0.144800 	 -0.000448 	 -0.083459 
 0.144900 	 -0.000457 	 -0.082980 
 0.145000 	 -0.000465 	 -0.082496 
 0.145100 	 -0.000473 	 -0.082008 
 0.145200 	 -0.000481 	 -0.081514 
 0.145300 	 -0.000489 	 -0.081015 
 0.145400 	 -0.000497 	 -0.080511 
 0.145500 	 -0.000506 	 -0.080002 
 0.145600 	 -0.000513 	 -0.079489 
 0.145700 	 -0.000521 	 -0.078970 
 0.145800 	 -0.000529 	 -0.078446 
 0.145900 	 -0.000537 	 -0.077918 
 0.146000 	 -0.000545 	 -0.077385 
 0.146100 	 -0.000553 	 -0.076847 
 0.146200 	 -0.000560 	 -0.076304 
 0.146300 	 -0.000568 	 -0.075757 
 0.146400 	 -0.000575 	 -0.075205 
 0.146500 	 -0.000583 	 -0.074648 
 0.146600 	 -0.000590 	 -0.074087 
 0.146700 	 -0.000598 	 -0.073521 
 0.146800 	 -0.000605 	 -0.072951 
 0.146900 	 -0.000612 	 -0.072376 
 0.147000 	 -0.000619 	 -0.071797 
 0.147100 	 -0.000627 	 -0.071214 
 0.147200 	 -0.000634 	 -0.070626 
 0.147300 	 -0.000641 	 -0.070033 
 0.147400 	 -0.000648 	 -0.069437 
 0.147500 	 -0.000655 	 -0.068836 
 0.147600 	 -0.000662 	 -0.068231 
 0.147700 	 -0.000668 	 -0.067621 
 0.147800 	 -0.000675 	 -0.067008 
 0.147900 	 -0.000682 	 -0.066391 
 0.148000 	 -0.000688 	 -0.065769 
 0.148100 	 -0.000695 	 -0.065143 
 0.148200 	 -0.000701 	 -0.064514 
 0.148300 	 -0.000708 	 -0.063880 
 0.148400 	 -0.000714 	 -0.063243 
 0.148500 	 -0.000720 	 -0.062601 
 0.148600 	 -0.000727 	 -0.061956 
 0.148700 	 -0.000733 	 -0.061307 
 0.148800 	 -0.000739 	 -0.060655 
 0.148900 	 -0.000745 	 -0.059998 
 0.149000 	 -0.000751 	 -0.059338 
 0.149100 	 -0.000757 	 -0.058675 
 0.149200 	 -0.000763 	 -0.058008 
 0.149300 	 -0.000768 	 -0.057337 
 0.149400 	 -0.000774 	 -0.056663 
 0.149500 	 -0.000780 	 -0.055985 
 0.149600 	 -0.000785 	 -0.055304 
 0.149700 	 -0.000791 	 -0.054620 
 0.149800 	 -0.000796 	 -0.053932 
 0.149900 	 -0.000802 	 -0.053241 
 0.150000 	 -0.000807 	 -0.052547 
 0.150100 	 -0.000812 	 -0.051849 
 0.150200 	 -0.000817 	 -0.051149 
 0.150300 	 -0.000822 	 -0.050445 
 0.150400 	 -0.000827 	 -0.049739 
 0.150500 	 -0.000832 	 -0.049029 
 0.150600 	 -0.000837 	 -0.048316 
 0.150700 	 -0.000842 	 -0.047601 
 0.150800 	 -0.000847 	 -0.046882 
 0.150900 	 -0.000851 	 -0.046161 
 0.151000 	 -0.000856 	 -0.045437 
 0.151100 	 -0.000860 	 -0.044710 
 0.151200 	 -0.000865 	 -0.043981 
 0.151300 	 -0.000869 	 -0.043249 
 0.151400 	 -0.000873 	 -0.042514 
 0.151500 	 -0.000878 	 -0.041777 
 0.151600 	 -0.000882 	 -0.041037 
 0.151700 	 -0.000886 	 -0.040295 
 0.151800 	 -0.000890 	 -0.039551 
 0.151900 	 -0.000894 	 -0.038804 
 0.152000 	 -0.000898 	 -0.038055 
 0.152100 	 -0.000901 	 -0.037303 
 0.152200 	 -0.000905 	 -0.036549 
 0.152300 	 -0.000909 	 -0.035794 
 0.152400 	 -0.000912 	 -0.035036 
 0.152500 	 -0.000916 	 -0.034276 
 0.152600 	 -0.000919 	 -0.033514 
 0.152700 	 -0.000922 	 -0.032750 
 0.152800 	 -0.000926 	 -0.031984 
 0.152900 	 -0.000929 	 -0.031216 
 0.153000 	 -0.000932 	 -0.030446 
 0.153100 	 -0.000935 	 -0.029675 
 0.153200 	 -0.000938 	 -0.028902 
 0.153300 	 -0.000941 	 -0.028127 
 0.153400 	 -0.000943 	 -0.027351 
 0.153500 	 -0.000946 	 -0.026573 
 0.153600 	 -0.000949 	 -0.025793 
 0.153700 	 -0.000951 	 -0.025012 
 0.153800 	 -0.000954 	 -0.024230 
 0.153900 	 -0.000956 	 -0.023446 
 0.154000 	 -0.000958 	 -0.022661 
 0.154100 	 -0.000961 	 -0.021875 
 0.154200 	 -0.000963 	 -0.021087 
 0.154300 	 -0.000965 	 -0.020298 
 0.154400 	 -0.000967 	 -0.019509 
 0.154500 	 -0.000969 	 -0.018718 
 0.154600 	 -0.000971 	 -0.017926 
 0.154700 	 -0.000972 	 -0.017133 
 0.154800 	 -0.000974 	 -0.016339 
 0.154900 	 -0.000976 	 -0.015544 
 0.155000 	 -0.000977 	 -0.014748 
 0.155100 	 -0.000979 	 -0.013952 
 0.155200 	 -0.000980 	 -0.013155 
 0.155300 	 -0.000981 	 -0.012357 
 0.155400 	 -0.000982 	 -0.011559 
 0.155500 	 -0.000984 	 -0.010760 
 0.155600 	 -0.000985 	 -0.009960 
 0.155700 	 -0.000986 	 -0.009160 
 0.155800 	 -0.000986 	 -0.008360 
 0.155900 	 -0.000987 	 -0.007559 
 0.156000 	 -0.000988 	 -0.006758 
 0.156100 	 -0.000989 	 -0.005957 
 0.156200 	 -0.000989 	 -0.005156 
 0.156300 	 -0.000990 	 -0.004354 
 0.156400 	 -0.000990 	 -0.003552 
 0.156500 	 -0.000990 	 -0.002750 
 0.156600 	 -0.000991 	 -0.001949 
 0.156700 	 -0.000991 	 -0.001147 
 0.156800 	 -0.000991 	 -0.000345 
 0.156900 	 -0.000991 	 0.000456 
 0.157000 	 -0.000991 	 0.001258 
 0.157100 	 -0.000991 	 0.002059 
 0.157200 	 -0.000990 	 0.002860 
 0.157300 	 -0.000990 	 0.003660 
 0.157400 	 -0.000990 	 0.004460 
 0.157500 	 -0.000989 	 0.005260 
 0.157600 	 -0.000989 	 0.006059 
 0.157700 	 -0.000988 	 0.006857 
 0.157800 	 -0.000987 	 0.007655 
 0.157900 	 -0.000986 	 0.008452 
 0.158000 	 -0.000985 	 0.009249 
 0.158100 	 -0.000984 	 0.010045 
 0.158200 	 -0.000983 	 0.010840 
 0.158300 	 -0.000982 	 0.011634 
 0.158400 	 -0.000981 	 0.012427 
 0.158500 	 -0.000980 	 0.013219 
 0.158600 	 -0.000978 	 0.014011 
 0.158700 	 -0.000977 	 0.014801 
 0.158800 	 -0.000976 	 0.015590 
 0.158900 	 -0.000974 	 0.016378 
 0.159000 	 -0.000972 	 0.017164 
 0.159100 	 -0.000970 	 0.017950 
 0.159200 	 -0.000969 	 0.018734 
 0.159300 	 -0.000967 	 0.019517 
 0.159400 	 -0.000965 	 0.020298 
 0.159500 	 -0.000963 	 0.021078 
 0.159600 	 -0.000961 	 0.021856 
 0.159700 	 -0.000958 	 0.022633 
 0.159800 	 -0.000956 	 0.023408 
 0.159900 	 -0.000954 	 0.024182 
 0.160000 	 -0.000951 	 0.024953 
 0.160100 	 -0.000949 	 0.025723 
 0.160200 	 -0.000946 	 0.026492 
 0.160300 	 -0.000943 	 0.027258 
 0.160400 	 -0.000941 	 0.028022 
 0.160500 	 -0.000938 	 0.028785 
 0.160600 	 -0.000935 	 0.029545 
 0.160700 	 -0.000932 	 0.030304 
 0.160800 	 -0.000929 	 0.031060 
 0.160900 	 -0.000926 	 0.031814 
 0.161000 	 -0.000922 	 0.032566 
 0.161100 	 -0.000919 	 0.033316 
 0.161200 	 -0.000916 	 0.034064 
 0.161300 	 -0.000912 	 0.034809 
 0.161400 	 -0.000909 	 0.035551 
 0.161500 	 -0.000905 	 0.036292 
 0.161600 	 -0.000902 	 0.037029 
 0.161700 	 -0.000898 	 0.037765 
 0.161800 	 -0.000894 	 0.038497 
 0.161900 	 -0.000890 	 0.039228 
 0.162000 	 -0.000886 	 0.039955 
 0.162100 	 -0.000882 	 0.040680 
 0.162200 	 -0.000878 	 0.041401 
 0.162300 	 -0.000874 	 0.042121 
 0.162400 	 -0.000870 	 0.042837 
 0.162500 	 -0.000865 	 0.043550 
 0.162600 	 -0.000861 	 0.044261 
 0.162700 	 -0.000856 	 0.044968 
 0.162800 	 -0.000852 	 0.045672 
 0.162900 	 -0.000847 	 0.046374 
 0.163000 	 -0.000843 	 0.047072 
 0.163100 	 -0.000838 	 0.047767 
 0.163200 	 -0.000833 	 0.048459 
 0.163300 	 -0.000828 	 0.049147 
 0.163400 	 -0.000823 	 0.049832 
 0.163500 	 -0.000818 	 0.050514 
 0.163600 	 -0.000813 	 0.051193 
 0.163700 	 -0.000808 	 0.051868 
 0.163800 	 -0.000803 	 0.052539 
 0.163900 	 -0.000797 	 0.053207 
 0.164000 	 -0.000792 	 0.053872 
 0.164100 	 -0.000787 	 0.054533 
 0.164200 	 -0.000781 	 0.055190 
 0.164300 	 -0.000776 	 0.055843 
 0.164400 	 -0.000770 	 0.056493 
 0.164500 	 -0.000764 	 0.057139 
 0.164600 	 -0.000759 	 0.057781 
 0.164700 	 -0.000753 	 0.058420 
 0.164800 	 -0.000747 	 0.059054 
 0.164900 	 -0.000741 	 0.059685 
 0.165000 	 -0.000735 	 0.060311 
 0.165100 	 -0.000729 	 0.060934 
 0.165200 	 -0.000723 	 0.061552 
 0.165300 	 -0.000717 	 0.062167 
 0.165400 	 -0.000710 	 0.062777 
 0.165500 	 -0.000704 	 0.063383 
 0.165600 	 -0.000698 	 0.063985 
 0.165700 	 -0.000691 	 0.064582 
 0.165800 	 -0.000685 	 0.065176 
 0.165900 	 -0.000678 	 0.065765 
 0.166000 	 -0.000672 	 0.066349 
 0.166100 	 -0.000665 	 0.066930 
 0.166200 	 -0.000658 	 0.067506 
 0.166300 	 -0.000651 	 0.068077 
 0.166400 	 -0.000645 	 0.068644 
 0.166500 	 -0.000638 	 0.069206 
 0.166600 	 -0.000631 	 0.069764 
 0.166700 	 -0.000624 	 0.070317 
 0.166800 	 -0.000617 	 0.070865 
 0.166900 	 -0.000610 	 0.071409 
 0.167000 	 -0.000602 	 0.071948 
 0.167100 	 -0.000595 	 0.072482 
 0.167200 	 -0.000588 	 0.073012 
 0.167300 	 -0.000581 	 0.073536 
 0.167400 	 -0.000573 	 0.074056 
 0.167500 	 -0.000566 	 0.074571 
 0.167600 	 -0.000558 	 0.075081 
 0.167700 	 -0.000551 	 0.075586 
 0.167800 	 -0.000543 	 0.076086 
 0.167900 	 -0.000536 	 0.076581 
 0.168000 	 -0.000528 	 0.077071 
 0.168100 	 -0.000520 	 0.077556 
 0.168200 	 -0.000512 	 0.078035 
 0.168300 	 -0.000505 	 0.078510 
 0.168400 	 -0.000497 	 0.078979 
 0.168500 	 -0.000489 	 0.079444 
 0.168600 	 -0.000481 	 0.079903 
 0.168700 	 -0.000473 	 0.080356 
 0.168800 	 -0.000465 	 0.080805 
 0.168900 	 -0.000457 	 0.081248 
 0.169000 	 -0.000448 	 0.081686 
 0.169100 	 -0.000440 	 0.082118 
 0.169200 	 -0.000432 	 0.082545 
 0.169300 	 -0.000424 	 0.082966 
 0.169400 	 -0.000415 	 0.083383 
 0.169500 	 -0.000407 	 0.083793 
 0.169600 	 -0.000399 	 0.084198 
 0.169700 	 -0.000390 	 0.084598 
 0.169800 	 -0.000382 	 0.084992 
 0.169900 	 -0.000373 	 0.085380 
 0.170000 	 -0.000365 	 0.085763 
 0.170100 	 -0.000356 	 0.086140 
 0.170200 	 -0.000347 	 0.086512 
 0.170300 	 -0.000339 	 0.086877 
 0.170400 	 -0.000330 	 0.087237 
 0.170500 	 -0.000321 	 0.087592 
 0.170600 	 -0.000313 	 0.087940 
 0.170700 	 -0.000304 	 0.088283 
 0.170800 	 -0.000295 	 0.088620 
 0.170900 	 -0.000286 	 0.088952 
 0.171000 	 -0.000277 	 0.089277 
 0.171100 	 -0.000268 	 0.089596 
 0.171200 	 -0.000259 	 0.089910 
 0.171300 	 -0.000250 	 0.090218 
 0.171400 	 -0.000241 	 0.090520 
 0.171500 	 -0.000232 	 0.090816 
 0.171600 	 -0.000223 	 0.091105 
 0.171700 	 -0.000214 	 0.091389 
 0.171800 	 -0.000205 	 0.091667 
 0.171900 	 -0.000195 	 0.091939 
 0.172000 	 -0.000186 	 0.092205 
 0.172100 	 -0.000177 	 0.092465 
 0.172200 	 -0.000168 	 0.092719 
 0.172300 	 -0.000159 	 0.092967 
 0.172400 	 -0.000149 	 0.093208 
 0.172500 	 -0.000140 	 0.093444 
 0.172600 	 -0.000131 	 0.093673 
 0.172700 	 -0.000121 	 0.093896 
 0.172800 	 -0.000112 	 0.094113 
 0.172900 	 -0.000102 	 0.094324 
 0.173000 	 -0.000093 	 0.094529 
 0.173100 	 -0.000083 	 0.094728 
 0.173200 	 -0.000074 	 0.094920 
 0.173300 	 -0.000064 	 0.095106 
 0.173400 	 -0.000055 	 0.095286 
 0.173500 	 -0.000045 	 0.095460 
 0.173600 	 -0.000036 	 0.095627 
 0.173700 	 -0.000026 	 0.095788 
 0.173800 	 -0.000017 	 0.095943 
 0.173900 	 -0.000007 	 0.096092 
 0.174000 	 0.000003 	 0.096234 
 0.174100 	 0.000012 	 0.096370 
 0.174200 	 0.000022 	 0.096500 
 0.174300 	 0.000031 	 0.096623 
 0.174400 	 0.000041 	 0.096740 
 0.174500 	 0.000051 	 0.096851 
 0.174600 	 0.000061 	 0.096955 
 0.174700 	 0.000070 	 0.097053 
 0.174800 	 0.000080 	 0.097145 
 0.174900 	 0.000090 	 0.097230 
 0.175000 	 0.000099 	 0.097309 
 0.175100 	 0.000109 	 0.097382 
 0.175200 	 0.000119 	 0.097448 
 0.175300 	 0.000129 	 0.097508 
 0.175400 	 0.000138 	 0.097561 
 0.175500 	 0.000148 	 0.097608 
 0.175600 	 0.000158 	 0.097649 
 0.175700 	 0.000168 	 0.097683 
 0.175800 	 0.000177 	 0.097711 
 0.175900 	 0.000187 	 0.097733 
 0.176000 	 0.000197 	 0.097748 
 0.176100 	 0.000207 	 0.097757 
 0.176200 	 0.000217 	 0.097759 
 0.176300 	 0.000226 	 0.097755 
 0.176400 	 0.000236 	 0.097744 
 0.176500 	 0.000246 	 0.097727 
 0.176600 	 0.000256 	 0.097704 
 0.176700 	 0.000265 	 0.097675 
 0.176800 	 0.000275 	 0.097638 
 0.176900 	 0.000285 	 0.097596 
 0.177000 	 0.000295 	 0.097547 
 0.177100 	 0.000304 	 0.097492 
 0.177200 	 0.000314 	 0.097430 
 0.177300 	 0.000324 	 0.097363 
 0.177400 	 0.000334 	 0.097288 
 0.177500 	 0.000343 	 0.097208 
 0.177600 	 0.000353 	 0.097121 
 0.177700 	 0.000363 	 0.097027 
 0.177800 	 0.000372 	 0.096927 
 0.177900 	 0.000382 	 0.096821 
 0.178000 	 0.000392 	 0.096709 
 0.178100 	 0.000402 	 0.096590 
 0.178200 	 0.000411 	 0.096465 
 0.178300 	 0.000421 	 0.096334 
 0.178400 	 0.000430 	 0.096196 
 0.178500 	 0.000440 	 0.096052 
 0.178600 	 0.000450 	 0.095902 
 0.178700 	 0.000459 	 0.095745 
 0.178800 	 0.000469 	 0.095583 
 0.178900 	 0.000478 	 0.095414 
 0.179000 	 0.000488 	 0.095238 
 0.179100 	 0.000497 	 0.095057 
 0.179200 	 0.000507 	 0.094869 
 0.179300 	 0.000516 	 0.094675 
 0.179400 	 0.000526 	 0.094475 
 0.179500 	 0.000535 	 0.094269 
 0.179600 	 0.000545 	 0.094056 
 0.179700 	 0.000554 	 0.093838 
 0.179800 	 0.000563 	 0.093613 
 0.179900 	 0.000573 	 0.093382 
 0.180000 	 0.000582 	 0.093145 
 0.180100 	 0.000591 	 0.092902 
 0.180200 	 0.000601 	 0.092653 
 0.180300 	 0.000610 	 0.092398 
 0.180400 	 0.000619 	 0.092136 
 0.180500 	 0.000628 	 0.091869 
 0.180600 	 0.000638 	 0.091596 
 0.180700 	 0.000647 	 0.091316 
 0.180800 	 0.000656 	 0.091031 
 0.180900 	 0.000665 	 0.090740 
 0.181000 	 0.000674 	 0.090443 
 0.181100 	 0.000683 	 0.090139 
 0.181200 	 0.000692 	 0.089830 
 0.181300 	 0.000701 	 0.089516 
 0.181400 	 0.000710 	 0.089195 
 0.181500 	 0.000719 	 0.088868 
 0.181600 	 0.000728 	 0.088536 
 0.181700 	 0.000737 	 0.088198 
 0.181800 	 0.000745 	 0.087854 
 0.181900 	 0.000754 	 0.087504 
 0.182000 	 0.000763 	 0.087148 
 0.182100 	 0.000772 	 0.086787 
 0.182200 	 0.000780 	 0.086420 
 0.182300 	 0.000789 	 0.086048 
 0.182400 	 0.000797 	 0.085670 
 0.182500 	 0.000806 	 0.085286 
 0.182600 	 0.000814 	 0.084896 
 0.182700 	 0.000823 	 0.084501 
 0.182800 	 0.000831 	 0.084101 
 0.182900 	 0.000840 	 0.083695 
 0.183000 	 0.000848 	 0.083283 
 0.183100 	 0.000856 	 0.082867 
 0.183200 	 0.000865 	 0.082444 
 0.183300 	 0.000873 	 0.082016 
 0.183400 	 0.000881 	 0.081583 
 0.183500 	 0.000889 	 0.081145 
 0.183600 	 0.000897 	 0.080701 
 0.183700 	 0.000905 	 0.080252 
 0.183800 	 0.000913 	 0.079797 
 0.183900 	 0.000921 	 0.079338 
 0.184000 	 0.000929 	 0.078873 
 0.184100 	 0.000937 	 0.078403 
 0.184200 	 0.000945 	 0.077928 
 0.184300 	 0.000953 	 0.077448 
 0.184400 	 0.000960 	 0.076962 
 0.184500 	 0.000968 	 0.076472 
 0.184600 	 0.000976 	 0.075976 
 0.184700 	 0.000983 	 0.075476 
 0.184800 	 0.000991 	 0.074971 
 0.184900 	 0.000998 	 0.074460 
 0.185000 	 0.001006 	 0.073945 
 0.185100 	 0.001013 	 0.073425 
 0.185200 	 0.001020 	 0.072900 
 0.185300 	 0.001028 	 0.072370 
 0.185400 	 0.001035 	 0.071836 
 0.185500 	 0.001042 	 0.071297 
 0.185600 	 0.001049 	 0.070753 
 0.185700 	 0.001056 	 0.070205 
 0.185800 	 0.001063 	 0.069651 
 0.185900 	 0.001070 	 0.069094 
 0.186000 	 0.001077 	 0.068531 
 0.186100 	 0.001084 	 0.067965 
 0.186200 	 0.001091 	 0.067393 
 0.186300 	 0.001097 	 0.066818 
 0.186400 	 0.001104 	 0.066238 
 0.186500 	 0.001110 	 0.065653 
 0.186600 	 0.001117 	 0.065064 
 0.186700 	 0.001123 	 0.064471 
 0.186800 	 0.001130 	 0.063874 
 0.186900 	 0.001136 	 0.063273 
 0.187000 	 0.001143 	 0.062667 
 0.187100 	 0.001149 	 0.062057 
 0.187200 	 0.001155 	 0.061443 
 0.187300 	 0.001161 	 0.060825 
 0.187400 	 0.001167 	 0.060203 
 0.187500 	 0.001173 	 0.059577 
 0.187600 	 0.001179 	 0.058947 
 0.187700 	 0.001185 	 0.058313 
 0.187800 	 0.001191 	 0.057676 
 0.187900 	 0.001196 	 0.057034 
 0.188000 	 0.001202 	 0.056389 
 0.188100 	 0.001208 	 0.055740 
 0.188200 	 0.001213 	 0.055087 
 0.188300 	 0.001219 	 0.054431 
 0.188400 	 0.001224 	 0.053771 
 0.188500 	 0.001229 	 0.053108 
 0.188600 	 0.001235 	 0.052441 
 0.188700 	 0.001240 	 0.051770 
 0.188800 	 0.001245 	 0.051096 
 0.188900 	 0.001250 	 0.050419 
 0.189000 	 0.001255 	 0.049738 
 0.189100 	 0.001260 	 0.049054 
 0.189200 	 0.001265 	 0.048367 
 0.189300 	 0.001270 	 0.047676 
 0.189400 	 0.001275 	 0.046983 
 0.189500 	 0.001279 	 0.046286 
 0.189600 	 0.001284 	 0.045586 
 0.189700 	 0.001288 	 0.044883 
 0.189800 	 0.001293 	 0.044177 
 0.189900 	 0.001297 	 0.043468 
 0.190000 	 0.001301 	 0.042757 
 0.190100 	 0.001306 	 0.042042 
 0.190200 	 0.001310 	 0.041325 
 0.190300 	 0.001314 	 0.040605 
 0.190400 	 0.001318 	 0.039882 
 0.190500 	 0.001322 	 0.039156 
 0.190600 	 0.001326 	 0.038428 
 0.190700 	 0.001330 	 0.037697 
 0.190800 	 0.001333 	 0.036964 
 0.190900 	 0.001337 	 0.036228 
 0.191000 	 0.001341 	 0.035490 
 0.191100 	 0.001344 	 0.034749 
 0.191200 	 0.001348 	 0.034006 
 0.191300 	 0.001351 	 0.033261 
 0.191400 	 0.001354 	 0.032514 
 0.191500 	 0.001357 	 0.031764 
 0.191600 	 0.001361 	 0.031012 
 0.191700 	 0.001364 	 0.030258 
 0.191800 	 0.001367 	 0.029502 
 0.191900 	 0.001370 	 0.028744 
 0.192000 	 0.001372 	 0.027984 
 0.192100 	 0.001375 	 0.027222 
 0.192200 	 0.001378 	 0.026458 
 0.192300 	 0.001380 	 0.025693 
 0.192400 	 0.001383 	 0.024925 
 0.192500 	 0.001385 	 0.024156 
 0.192600 	 0.001388 	 0.023386 
 0.192700 	 0.001390 	 0.022613 
 0.192800 	 0.001392 	 0.021840 
 0.192900 	 0.001394 	 0.021064 
 0.193000 	 0.001397 	 0.020287 
 0.193100 	 0.001399 	 0.019509 
 0.193200 	 0.001400 	 0.018729 
 0.193300 	 0.001402 	 0.017948 
 0.193400 	 0.001404 	 0.017166 
 0.193500 	 0.001406 	 0.016383 
 0.193600 	 0.001407 	 0.015598 
 0.193700 	 0.001409 	 0.014812 
 0.193800 	 0.001410 	 0.014026 
 0.193900 	 0.001412 	 0.013238 
 0.194000 	 0.001413 	 0.012449 
 0.194100 	 0.001414 	 0.011659 
 0.194200 	 0.001415 	 0.010869 
 0.194300 	 0.001416 	 0.010077 
 0.194400 	 0.001417 	 0.009285 
 0.194500 	 0.001418 	 0.008493 
 0.194600 	 0.001419 	 0.007699 
 0.194700 	 0.001420 	 0.006905 
 0.194800 	 0.001420 	 0.006110 
 0.194900 	 0.001421 	 0.005315 
 0.195000 	 0.001421 	 0.004520 
 0.195100 	 0.001422 	 0.003724 
 0.195200 	 0.001422 	 0.002927 
 0.195300 	 0.001422 	 0.002131 
 0.195400 	 0.001423 	 0.001334 
 0.195500 	 0.001423 	 0.000536 
 0.195600 	 0.001423 	 -0.000261 
 0.195700 	 0.001423 	 -0.001058 
 0.195800 	 0.001422 	 -0.001856 
 0.195900 	 0.001422 	 -0.002653 
 0.196000 	 0.001422 	 -0.003450 
 0.196100 	 0.001422 	 -0.004248 
 0.196200 	 0.001421 	 -0.005045 
 0.196300 	 0.001421 	 -0.005842 
 0.196400 	 0.001420 	 -0.006638 
 0.196500 	 0.001419 	 -0.007434 
 0.196600 	 0.001418 	 -0.008230 
 0.196700 	 0.001418 	 -0.009026 
 0.196800 	 0.001417 	 -0.009821 
 0.196900 	 0.001416 	 -0.010616 
 0.197000 	 0.001415 	 -0.011410 
 0.197100 	 0.001413 	 -0.012203 
 0.197200 	 0.001412 	 -0.012996 
 0.197300 	 0.001411 	 -0.013788 
 0.197400 	 0.001409 	 -0.014579 
 0.197500 	 0.001408 	 -0.015369 
 0.197600 	 0.001406 	 -0.016159 
 0.197700 	 0.001405 	 -0.016947 
 0.197800 	 0.001403 	 -0.017735 
 0.197900 	 0.001401 	 -0.018521 
 0.198000 	 0.001399 	 -0.019307 
 0.198100 	 0.001397 	 -0.020091 
 0.198200 	 0.001395 	 -0.020875 
 0.198300 	 0.001393 	 -0.021657 
 0.198400 	 0.001391 	 -0.022437 
 0.198500 	 0.001389 	 -0.023217 
 0.198600 	 0.001386 	 -0.023995 
 0.198700 	 0.001384 	 -0.024771 
 0.198800 	 0.001381 	 -0.025547 
 0.198900 	 0.001379 	 -0.026320 
 0.199000 	 0.001376 	 -0.027092 
 0.199100 	 0.001373 	 -0.027863 
 0.199200 	 0.001370 	 -0.028631 
 0.199300 	 0.001367 	 -0.029398 
 0.199400 	 0.001364 	 -0.030164 
 0.199500 	 0.001361 	 -0.030927 
 0.199600 	 0.001358 	 -0.031689 
 0.199700 	 0.001355 	 -0.032448 
 0.199800 	 0.001352 	 -0.033206 
 0.199900 	 0.001348 	 -0.033961 
 0.200000 	 0.001345 	 -0.034715 
 0.200100 	 0.001341 	 -0.035467 
 0.200200 	 0.001338 	 -0.036216 
 0.200300 	 0.001334 	 -0.036963 
 0.200400 	 0.001331 	 -0.037708 
 0.200500 	 0.001327 	 -0.038450 
 0.200600 	 0.001323 	 -0.039191 
 0.200700 	 0.001319 	 -0.039928 
 0.200800 	 0.001315 	 -0.040664 
 0.200900 	 0.001311 	 -0.041396 
 0.201000 	 0.001307 	 -0.042127 
 0.201100 	 0.001302 	 -0.042855 
 0.201200 	 0.001298 	 -0.043580 
 0.201300 	 0.001294 	 -0.044302 
 0.201400 	 0.001289 	 -0.045022 
 0.201500 	 0.001285 	 -0.045739 
 0.201600 	 0.001280 	 -0.046453 
 0.201700 	 0.001275 	 -0.047164 
 0.201800 	 0.001271 	 -0.047872 
 0.201900 	 0.001266 	 -0.048578 
 0.202000 	 0.001261 	 -0.049280 
 0.202100 	 0.001256 	 -0.049979 
 0.202200 	 0.001251 	 -0.050675 
 0.202300 	 0.001246 	 -0.051369 
 0.202400 	 0.001241 	 -0.052058 
 0.202500 	 0.001235 	 -0.052745 
 0.202600 	 0.001230 	 -0.053428 
 0.202700 	 0.001225 	 -0.054109 
 0.202800 	 0.001219 	 -0.054785 
 0.202900 	 0.001214 	 -0.055459 
 0.203000 	 0.001208 	 -0.056129 
 0.203100 	 0.001202 	 -0.056795 
 0.203200 	 0.001197 	 -0.057458 
 0.203300 	 0.001191 	 -0.058117 
 0.203400 	 0.001185 	 -0.058773 
 0.203500 	 0.001179 	 -0.059425 
 0.203600 	 0.001173 	 -0.060073 
 0.203700 	 0.001167 	 -0.060718 
 0.203800 	 0.001161 	 -0.061359 
 0.203900 	 0.001155 	 -0.061996 
 0.204000 	 0.001149 	 -0.062629 
 0.204100 	 0.001142 	 -0.063258 
 0.204200 	 0.001136 	 -0.063883 
 0.204300 	 0.001130 	 -0.064505 
 0.204400 	 0.001123 	 -0.065122 
 0.204500 	 0.001117 	 -0.065735 
 0.204600 	 0.001110 	 -0.066344 
 0.204700 	 0.001103 	 -0.066949 
 0.204800 	 0.001097 	 -0.067550 
 0.204900 	 0.001090 	 -0.068146 
 0.205000 	 0.001083 	 -0.068739 
 0.205100 	 0.001076 	 -0.069327 
 0.205200 	 0.001069 	 -0.069910 
 0.205300 	 0.001062 	 -0.070490 
 0.205400 	 0.001055 	 -0.071065 
 0.205500 	 0.001048 	 -0.071635 
 0.205600 	 0.001041 	 -0.072201 
 0.205700 	 0.001033 	 -0.072763 
 0.205800 	 0.001026 	 -0.073320 
 0.205900 	 0.001019 	 -0.073872 
 0.206000 	 0.001011 	 -0.074420 
 0.206100 	 0.001004 	 -0.074963 
 0.206200 	 0.000996 	 -0.075501 
 0.206300 	 0.000989 	 -0.076035 
 0.206400 	 0.000981 	 -0.076563 
 0.206500 	 0.000973 	 -0.077087 
 0.206600 	 0.000966 	 -0.077607 
 0.206700 	 0.000958 	 -0.078121 
 0.206800 	 0.000950 	 -0.078630 
 0.206900 	 0.000942 	 -0.079135 
 0.207000 	 0.000934 	 -0.079635 
 0.207100 	 0.000926 	 -0.080129 
 0.207200 	 0.000918 	 -0.080619 
 0.207300 	 0.000910 	 -0.081103 
 0.207400 	 0.000902 	 -0.081583 
 0.207500 	 0.000894 	 -0.082057 
 0.207600 	 0.000886 	 -0.082526 
 0.207700 	 0.000877 	 -0.082990 
 0.207800 	 0.000869 	 -0.083449 
 0.207900 	 0.000861 	 -0.083902 
 0.208000 	 0.000852 	 -0.084350 
 0.208100 	 0.000844 	 -0.084793 
 0.208200 	 0.000835 	 -0.085231 
 0.208300 	 0.000827 	 -0.085663 
 0.208400 	 0.000818 	 -0.086090 
 0.208500 	 0.000810 	 -0.086511 
 0.208600 	 0.000801 	 -0.086928 
 0.208700 	 0.000792 	 -0.087338 
 0.208800 	 0.000783 	 -0.087743 
 0.208900 	 0.000775 	 -0.088143 
 0.209000 	 0.000766 	 -0.088537 
 0.209100 	 0.000757 	 -0.088925 
 0.209200 	 0.000748 	 -0.089308 
 0.209300 	 0.000739 	 -0.089685 
 0.209400 	 0.000730 	 -0.090057 
 0.209500 	 0.000721 	 -0.090423 
 0.209600 	 0.000712 	 -0.090783 
 0.209700 	 0.000703 	 -0.091138 
 0.209800 	 0.000694 	 -0.091486 
 0.209900 	 0.000685 	 -0.091829 
 0.210000 	 0.000675 	 -0.092167 
 0.210100 	 0.000666 	 -0.092498 
 0.210200 	 0.000657 	 -0.092824 
 0.210300 	 0.000648 	 -0.093144 
 0.210400 	 0.000638 	 -0.093458 
 0.210500 	 0.000629 	 -0.093766 
 0.210600 	 0.000619 	 -0.094068 
 0.210700 	 0.000610 	 -0.094364 
 0.210800 	 0.000601 	 -0.094654 
 0.210900 	 0.000591 	 -0.094939 
 0.211000 	 0.000582 	 -0.095217 
 0.211100 	 0.000572 	 -0.095489 
 0.211200 	 0.000563 	 -0.095756 
 0.211300 	 0.000553 	 -0.096016 
 0.211400 	 0.000543 	 -0.096270 
 0.211500 	 0.000534 	 -0.096519 
 0.211600 	 0.000524 	 -0.096761 
 0.211700 	 0.000514 	 -0.096997 
 0.211800 	 0.000505 	 -0.097227 
 0.211900 	 0.000495 	 -0.097450 
 0.212000 	 0.000485 	 -0.097668 
 0.212100 	 0.000475 	 -0.097880 
 0.212200 	 0.000466 	 -0.098085 
 0.212300 	 0.000456 	 -0.098284 
 0.212400 	 0.000446 	 -0.098477 
 0.212500 	 0.000436 	 -0.098664 
 0.212600 	 0.000426 	 -0.098844 
 0.212700 	 0.000416 	 -0.099019 
 0.212800 	 0.000406 	 -0.099187 
 0.212900 	 0.000396 	 -0.099349 
 0.213000 	 0.000387 	 -0.099504 
 0.213100 	 0.000377 	 -0.099653 
 0.213200 	 0.000367 	 -0.099796 
 0.213300 	 0.000357 	 -0.099933 
 0.213400 	 0.000347 	 -0.100063 
 0.213500 	 0.000337 	 -0.100188 
 0.213600 	 0.000327 	 -0.100305 
 0.213700 	 0.000317 	 -0.100417 
 0.213800 	 0.000306 	 -0.100522 
 0.213900 	 0.000296 	 -0.100621 
 0.214000 	 0.000286 	 -0.100713 
 0.214100 	 0.000276 	 -0.100799 
 0.214200 	 0.000266 	 -0.100879 
 0.214300 	 0.000256 	 -0.100952 
 0.214400 	 0.000246 	 -0.101019 
 0.214500 	 0.000236 	 -0.101080 
 0.214600 	 0.000226 	 -0.101134 
 0.214700 	 0.000216 	 -0.101182 
 0.214800 	 0.000206 	 -0.101224 
 0.214900 	 0.000195 	 -0.101259 
 0.215000 	 0.000185 	 -0.101287 
 0.215100 	 0.000175 	 -0.101310 
 0.215200 	 0.000165 	 -0.101326 
 0.215300 	 0.000155 	 -0.101335 
 0.215400 	 0.000145 	 -0.101339 
 0.215500 	 0.000135 	 -0.101335 
 0.215600 	 0.000124 	 -0.101326 
 0.215700 	 0.000114 	 -0.101310 
 0.215800 	 0.000104 	 -0.101287 
 0.215900 	 0.000094 	 -0.101259 
 0.216000 	 0.000084 	 -0.101223 
 0.216100 	 0.000074 	 -0.101182 
 0.216200 	 0.000064 	 -0.101134 
 0.216300 	 0.000054 	 -0.101080 
 0.216400 	 0.000044 	 -0.101019 
 0.216500 	 0.000033 	 -0.100952 
 0.216600 	 0.000023 	 -0.100878 
 0.216700 	 0.000013 	 -0.100799 
 0.216800 	 0.000003 	 -0.100712 
 0.216900 	 -0.000007 	 -0.100620 
 0.217000 	 -0.000017 	 -0.100521 
 0.217100 	 -0.000027 	 -0.100416 
 0.217200 	 -0.000037 	 -0.100304 
 0.217300 	 -0.000047 	 -0.100186 
 0.217400 	 -0.000057 	 -0.100062 
 0.217500 	 -0.000067 	 -0.099932 
 0.217600 	 -0.000077 	 -0.099795 
 0.217700 	 -0.000087 	 -0.099652 
 0.217800 	 -0.000097 	 -0.099502 
 0.217900 	 -0.000107 	 -0.099347 
 0.218000 	 -0.000117 	 -0.099185 
 0.218100 	 -0.000127 	 -0.099017 
 0.218200 	 -0.000137 	 -0.098842 
 0.218300 	 -0.000147 	 -0.098662 
 0.218400 	 -0.000156 	 -0.098475 
 0.218500 	 -0.000166 	 -0.098282 
 0.218600 	 -0.000176 	 -0.098082 
 0.218700 	 -0.000186 	 -0.097877 
 0.218800 	 -0.000196 	 -0.097665 
 0.218900 	 -0.000205 	 -0.097447 
 0.219000 	 -0.000215 	 -0.097223 
 0.219100 	 -0.000225 	 -0.096993 
 0.219200 	 -0.000235 	 -0.096757 
 0.219300 	 -0.000244 	 -0.096515 
 0.219400 	 -0.000254 	 -0.096266 
 0.219500 	 -0.000263 	 -0.096012 
 0.219600 	 -0.000273 	 -0.095751 
 0.219700 	 -0.000283 	 -0.095485 
 0.219800 	 -0.000292 	 -0.095212 
 0.219900 	 -0.000302 	 -0.094934 
 0.220000 	 -0.000311 	 -0.094649 
 0.220100 	 -0.000321 	 -0.094359 
 0.220200 	 -0.000330 	 -0.094062 
 0.220300 	 -0.000339 	 -0.093760 
 0.220400 	 -0.000349 	 -0.093451 
 0.220500 	 -0.000358 	 -0.093137 
 0.220600 	 -0.000367 	 -0.092817 
 0.220700 	 -0.000377 	 -0.092491 
 0.220800 	 -0.000386 	 -0.092159 
 0.220900 	 -0.000395 	 -0.091822 
 0.221000 	 -0.000404 	 -0.091478 
 0.221100 	 -0.000413 	 -0.091129 
 0.221200 	 -0.000422 	 -0.090774 
 0.221300 	 -0.000431 	 -0.090414 
 0.221400 	 -0.000441 	 -0.090047 
 0.221500 	 -0.000450 	 -0.089675 
 0.221600 	 -0.000458 	 -0.089298 
 0.221700 	 -0.000467 	 -0.088914 
 0.221800 	 -0.000476 	 -0.088526 
 0.221900 	 -0.000485 	 -0.088131 
 0.222000 	 -0.000494 	 -0.087731 
 0.222100 	 -0.000503 	 -0.087326 
 0.222200 	 -0.000511 	 -0.086915 
 0.222300 	 -0.000520 	 -0.086498 
 0.222400 	 -0.000529 	 -0.086076 
 0.222500 	 -0.000537 	 -0.085649 
 0.222600 	 -0.000546 	 -0.085216 
 0.222700 	 -0.000554 	 -0.084778 
 0.222800 	 -0.000563 	 -0.084334 
 0.222900 	 -0.000571 	 -0.083886 
 0.223000 	 -0.000579 	 -0.083432 
 0.223100 	 -0.000588 	 -0.082972 
 0.223200 	 -0.000596 	 -0.082508 
 0.223300 	 -0.000604 	 -0.082038 
 0.223400 	 -0.000612 	 -0.081563 
 0.223500 	 -0.000621 	 -0.081083 
 0.223600 	 -0.000629 	 -0.080598 
 0.223700 	 -0.000637 	 -0.080108 
 0.223800 	 -0.000645 	 -0.079613 
 0.223900 	 -0.000653 	 -0.079112 
 0.224000 	 -0.000661 	 -0.078607 
 0.224100 	 -0.000668 	 -0.078097 
 0.224200 	 -0.000676 	 -0.077582 
 0.224300 	 -0.000684 	 -0.077062 
 0.224400 	 -0.000692 	 -0.076537 
 0.224500 	 -0.000699 	 -0.076007 
 0.224600 	 -0.000707 	 -0.075473 
 0.224700 	 -0.000714 	 -0.074934 
 0.224800 	 -0.000722 	 -0.074390 
 0.224900 	 -0.000729 	 -0.073841 
 0.225000 	 -0.000737 	 -0.073288 
 0.225100 	 -0.000744 	 -0.072730 
 0.225200 	 -0.000751 	 -0.072168 
 0.225300 	 -0.000758 	 -0.071601 
 0.225400 	 -0.000765 	 -0.071030 
 0.225500 	 -0.000772 	 -0.070454 
 0.225600 	 -0.000779 	 -0.069874 
 0.225700 	 -0.000786 	 -0.069289 
 0.225800 	 -0.000793 	 -0.068700 
 0.225900 	 -0.000800 	 -0.068107 
 0.226000 	 -0.000807 	 -0.067509 
 0.226100 	 -0.000814 	 -0.066907 
 0.226200 	 -0.000820 	 -0.066301 
 0.226300 	 -0.000827 	 -0.065691 
 0.226400 	 -0.000833 	 -0.065077 
 0.226500 	 -0.000840 	 -0.064458 
 0.226600 	 -0.000846 	 -0.063836 
 0.226700 	 -0.000853 	 -0.063210 
 0.226800 	 -0.000859 	 -0.062579 
 0.226900 	 -0.000865 	 -0.061945 
 0.227000 	 -0.000871 	 -0.061307 
 0.227100 	 -0.000878 	 -0.060665 
 0.227200 	 -0.000884 	 -0.060019 
 0.227300 	 -0.000890 	 -0.059369 
 0.227400 	 -0.000895 	 -0.058716 
 0.227500 	 -0.000901 	 -0.058059 
 0.227600 	 -0.000907 	 -0.057398 
 0.227700 	 -0.000913 	 -0.056734 
 0.227800 	 -0.000918 	 -0.056066 
 0.227900 	 -0.000924 	 -0.055395 
 0.228000 	 -0.000929 	 -0.054720 
 0.228100 	 -0.000935 	 -0.054042 
 0.228200 	 -0.000940 	 -0.053361 
 0.228300 	 -0.000946 	 -0.052676 
 0.228400 	 -0.000951 	 -0.051988 
 0.228500 	 -0.000956 	 -0.051296 
 0.228600 	 -0.000961 	 -0.050602 
 0.228700 	 -0.000966 	 -0.049904 
 0.228800 	 -0.000971 	 -0.049203 
 0.228900 	 -0.000976 	 -0.048499 
 0.229000 	 -0.000981 	 -0.047792 
 0.229100 	 -0.000985 	 -0.047082 
 0.229200 	 -0.000990 	 -0.046369 
 0.229300 	 -0.000995 	 -0.045654 
 0.229400 	 -0.000999 	 -0.044935 
 0.229500 	 -0.001004 	 -0.044214 
 0.229600 	 -0.001008 	 -0.043489 
 0.229700 	 -0.001012 	 -0.042763 
 0.229800 	 -0.001017 	 -0.042033 
 0.229900 	 -0.001021 	 -0.041301 
 0.230000 	 -0.001025 	 -0.040566 
 0.230100 	 -0.001029 	 -0.039829 
 0.230200 	 -0.001033 	 -0.039090 
 0.230300 	 -0.001037 	 -0.038348 
 0.230400 	 -0.001041 	 -0.037603 
 0.230500 	 -0.001044 	 -0.036856 
 0.230600 	 -0.001048 	 -0.036107 
 0.230700 	 -0.001052 	 -0.035356 
 0.230800 	 -0.001055 	 -0.034603 
 0.230900 	 -0.001058 	 -0.033847 
 0.231000 	 -0.001062 	 -0.033089 
 0.231100 	 -0.001065 	 -0.032330 
 0.231200 	 -0.001068 	 -0.031568 
 0.231300 	 -0.001071 	 -0.030804 
 0.231400 	 -0.001074 	 -0.030039 
 0.231500 	 -0.001077 	 -0.029271 
 0.231600 	 -0.001080 	 -0.028502 
 0.231700 	 -0.001083 	 -0.027731 
 0.231800 	 -0.001086 	 -0.026959 
 0.231900 	 -0.001088 	 -0.026184 
 0.232000 	 -0.001091 	 -0.025409 
 0.232100 	 -0.001094 	 -0.024631 
 0.232200 	 -0.001096 	 -0.023852 
 0.232300 	 -0.001098 	 -0.023072 
 0.232400 	 -0.001101 	 -0.022290 
 0.232500 	 -0.001103 	 -0.021507 
 0.232600 	 -0.001105 	 -0.020723 
 0.232700 	 -0.001107 	 -0.019937 
 0.232800 	 -0.001109 	 -0.019150 
 0.232900 	 -0.001111 	 -0.018362 
 0.233000 	 -0.001113 	 -0.017573 
 0.233100 	 -0.001114 	 -0.016783 
 0.233200 	 -0.001116 	 -0.015992 
 0.233300 	 -0.001117 	 -0.015200 
 0.233400 	 -0.001119 	 -0.014407 
 0.233500 	 -0.001120 	 -0.013613 
 0.233600 	 -0.001122 	 -0.012818 
 0.233700 	 -0.001123 	 -0.012023 
 0.233800 	 -0.001124 	 -0.011227 
 0.233900 	 -0.001125 	 -0.010430 
 0.234000 	 -0.001126 	 -0.009633 
 0.234100 	 -0.001127 	 -0.008835 
 0.234200 	 -0.001128 	 -0.008037 
 0.234300 	 -0.001129 	 -0.007238 
 0.234400 	 -0.001129 	 -0.006439 
 0.234500 	 -0.001130 	 -0.005640 
 0.234600 	 -0.001131 	 -0.004840 
 0.234700 	 -0.001131 	 -0.004040 
 0.234800 	 -0.001131 	 -0.003240 
 0.234900 	 -0.001132 	 -0.002440 
 0.235000 	 -0.001132 	 -0.001639 
 0.235100 	 -0.001132 	 -0.000839 
 0.235200 	 -0.001132 	 -0.000039 
 0.235300 	 -0.001132 	 0.000762 
 0.235400 	 -0.001132 	 0.001562 
 0.235500 	 -0.001132 	 0.002362 
 0.235600 	 -0.001131 	 0.003162 
 0.235700 	 -0.001131 	 0.003961 
 0.235800 	 -0.001131 	 0.004760 
 0.235900 	 -0.001130 	 0.005559 
 0.236000 	 -0.001129 	 0.006357 
 0.236100 	 -0.001129 	 0.007155 
 0.236200 	 -0.001128 	 0.007952 
 0.236300 	 -0.001127 	 0.008749 
 0.236400 	 -0.001126 	 0.009545 
 0.236500 	 -0.001125 	 0.010341 
 0.236600 	 -0.001124 	 0.011135 
 0.236700 	 -0.001123 	 0.011929 
 0.236800 	 -0.001122 	 0.012722 
 0.236900 	 -0.001120 	 0.013514 
 0.237000 	 -0.001119 	 0.014306 
 0.237100 	 -0.001118 	 0.015096 
 0.237200 	 -0.001116 	 0.015885 
 0.237300 	 -0.001114 	 0.016673 
 0.237400 	 -0.001113 	 0.017460 
 0.237500 	 -0.001111 	 0.018246 
 0.237600 	 -0.001109 	 0.019030 
 0.237700 	 -0.001107 	 0.019814 
 0.237800 	 -0.001105 	 0.020596 
 0.237900 	 -0.001103 	 0.021376 
 0.238000 	 -0.001101 	 0.022155 
 0.238100 	 -0.001099 	 0.022933 
 0.238200 	 -0.001096 	 0.023709 
 0.238300 	 -0.001094 	 0.024483 
 0.238400 	 -0.001091 	 0.025256 
 0.238500 	 -0.001089 	 0.026027 
 0.238600 	 -0.001086 	 0.026796 
 0.238700 	 -0.001083 	 0.027564 
 0.238800 	 -0.001081 	 0.028330 
 0.238900 	 -0.001078 	 0.029093 
 0.239000 	 -0.001075 	 0.029855 
 0.239100 	 -0.001072 	 0.030615 
 0.239200 	 -0.001069 	 0.031373 
 0.239300 	 -0.001066 	 0.032129 
 0.239400 	 -0.001062 	 0.032882 
 0.239500 	 -0.001059 	 0.033634 
 0.239600 	 -0.001056 	 0.034383 
 0.239700 	 -0.001052 	 0.035130 
 0.239800 	 -0.001049 	 0.035875 
 0.239900 	 -0.001045 	 0.036617 
 0.240000 	 -0.001041 	 0.037357 
 0.240100 	 -0.001037 	 0.038095 
 0.240200 	 -0.001034 	 0.038829 
 0.240300 	 -0.001030 	 0.039562 
 0.240400 	 -0.001026 	 0.040292 
 0.240500 	 -0.001022 	 0.041019 
 0.240600 	 -0.001017 	 0.041743 
 0.240700 	 -0.001013 	 0.042465 
 0.240800 	 -0.001009 	 0.043184 
 0.240900 	 -0.001005 	 0.043900 
 0.241000 	 -0.001000 	 0.044613 
 0.241100 	 -0.000996 	 0.045323 
 0.241200 	 -0.000991 	 0.046030 
 0.241300 	 -0.000987 	 0.046734 
 0.241400 	 -0.000982 	 0.047436 
 0.241500 	 -0.000977 	 0.048134 
 0.241600 	 -0.000972 	 0.048828 
 0.241700 	 -0.000967 	 0.049520 
 0.241800 	 -0.000962 	 0.050209 
 0.241900 	 -0.000957 	 0.050894 
 0.242000 	 -0.000952 	 0.051576 
 0.242100 	 -0.000947 	 0.052254 
 0.242200 	 -0.000942 	 0.052929 
 0.242300 	 -0.000936 	 0.053601 
 0.242400 	 -0.000931 	 0.054269 
 0.242500 	 -0.000925 	 0.054933 
 0.242600 	 -0.000920 	 0.055594 
 0.242700 	 -0.000914 	 0.056252 
 0.242800 	 -0.000909 	 0.056905 
 0.242900 	 -0.000903 	 0.057555 
 0.243000 	 -0.000897 	 0.058202 
 0.243100 	 -0.000891 	 0.058844 
 0.243200 	 -0.000885 	 0.059483 
 0.243300 	 -0.000879 	 0.060117 
 0.243400 	 -0.000873 	 0.060748 
 0.243500 	 -0.000867 	 0.061375 
 0.243600 	 -0.000861 	 0.061998 
 0.243700 	 -0.000855 	 0.062616 
 0.243800 	 -0.000849 	 0.063231 
 0.243900 	 -0.000842 	 0.063842 
 0.244000 	 -0.000836 	 0.064448 
 0.244100 	 -0.000829 	 0.065050 
 0.244200 	 -0.000823 	 0.065648 
 0.244300 	 -0.000816 	 0.066242 
 0.244400 	 -0.000810 	 0.066832 
 0.244500 	 -0.000803 	 0.067417 
 0.244600 	 -0.000796 	 0.067997 
 0.244700 	 -0.000789 	 0.068574 
 0.244800 	 -0.000782 	 0.069145 
 0.244900 	 -0.000775 	 0.069713 
 0.245000 	 -0.000768 	 0.070275 
 0.245100 	 -0.000761 	 0.070834 
 0.245200 	 -0.000754 	 0.071387 
 0.245300 	 -0.000747 	 0.071936 
 0.245400 	 -0.000740 	 0.072481 
 0.245500 	 -0.000733 	 0.073020 
 0.245600 	 -0.000725 	 0.073555 
 0.245700 	 -0.000718 	 0.074085 
 0.245800 	 -0.000710 	 0.074610 
 0.245900 	 -0.000703 	 0.075131 
 0.246000 	 -0.000695 	 0.075646 
 0.246100 	 -0.000688 	 0.076157 
 0.246200 	 -0.000680 	 0.076663 
 0.246300 	 -0.000672 	 0.077163 
 0.246400 	 -0.000665 	 0.077659 
 0.246500 	 -0.000657 	 0.078150 
 0.246600 	 -0.000649 	 0.078635 
 0.246700 	 -0.000641 	 0.079116 
 0.246800 	 -0.000633 	 0.079591 
 0.246900 	 -0.000625 	 0.080061 
 0.247000 	 -0.000617 	 0.080526 
 0.247100 	 -0.000609 	 0.080986 
 0.247200 	 -0.000601 	 0.081441 
 0.247300 	 -0.000593 	 0.081890 
 0.247400 	 -0.000585 	 0.082334 
 0.247500 	 -0.000576 	 0.082773 
 0.247600 	 -0.000568 	 0.083206 
 0.247700 	 -0.000560 	 0.083634 
 0.247800 	 -0.000551 	 0.084056 
 0.247900 	 -0.000543 	 0.084473 
 0.248000 	 -0.000535 	 0.084885 
 0.248100 	 -0.000526 	 0.085291 
 0.248200 	 -0.000517 	 0.085691 
 0.248300 	 -0.000509 	 0.086086 
 0.248400 	 -0.000500 	 0.086475 
 0.248500 	 -0.000492 	 0.086859 
 0.248600 	 -0.000483 	 0.087237 
 0.248700 	 -0.000474 	 0.087610 
 0.248800 	 -0.000465 	 0.087977 
 0.248900 	 -0.000457 	 0.088338 
 0.249000 	 -0.000448 	 0.088693 
 0.249100 	 -0.000439 	 0.089043 
 0.249200 	 -0.000430 	 0.089387 
 0.249300 	 -0.000421 	 0.089725 
 0.249400 	 -0.000412 	 0.090057 
 0.249500 	 -0.000403 	 0.090383 
 0.249600 	 -0.000394 	 0.090704 
 0.249700 	 -0.000385 	 0.091019 
 0.249800 	 -0.000376 	 0.091328 
 0.249900 	 -0.000367 	 0.091631 
 0.250000 	 -0.000357 	 0.091928 
 0.250100 	 -0.000348 	 0.092219 
 0.250200 	 -0.000339 	 0.092504 
 0.250300 	 -0.000330 	 0.092783 
 0.250400 	 -0.000320 	 0.093056 
 0.250500 	 -0.000311 	 0.093323 
 0.250600 	 -0.000302 	 0.093584 
 0.250700 	 -0.000292 	 0.093839 
 0.250800 	 -0.000283 	 0.094088 
 0.250900 	 -0.000273 	 0.094331 
 0.251000 	 -0.000264 	 0.094567 
 0.251100 	 -0.000255 	 0.094798 
 0.251200 	 -0.000245 	 0.095023 
