 0.000000 	 0.000000 	 0.000000 
 0.000100 	 0.000000 	 0.000024 
 0.000200 	 0.000000 	 0.000094 
 0.000300 	 0.000000 	 0.000204 
 0.000400 	 0.000000 	 0.000352 
 0.000500 	 0.000000 	 0.000533 
 0.000600 	 0.000000 	 0.000744 
 0.000700 	 0.000000 	 0.000982 
 0.000800 	 0.000000 	 0.001246 
 0.000900 	 0.000000 	 0.001532 
 0.001000 	 0.000001 	 0.001838 
 0.001100 	 0.000001 	 0.002162 
 0.001200 	 0.000001 	 0.002502 
 0.001300 	 0.000001 	 0.002858 
 0.001400 	 0.000002 	 0.003227 
 0.001500 	 0.000002 	 0.003608 
 0.001600 	 0.000002 	 0.003999 
 0.001700 	 0.000003 	 0.004401 
 0.001800 	 0.000003 	 0.004811 
 0.001900 	 0.000004 	 0.005229 
 0.002000 	 0.000004 	 0.005655 
 0.002100 	 0.000005 	 0.006086 
 0.002200 	 0.000006 	 0.006524 
 0.002300 	 0.000006 	 0.006966 
 0.002400 	 0.000007 	 0.007413 
 0.002500 	 0.000008 	 0.007864 
 0.002600 	 0.000008 	 0.008318 
 0.002700 	 0.000009 	 0.008776 
 0.002800 	 0.000010 	 0.009236 
 0.002900 	 0.000011 	 0.009699 
 0.003000 	 0.000012 	 0.010163 
 0.003100 	 0.000013 	 0.010630 
 0.003200 	 0.000014 	 0.011099 
 0.003300 	 0.000015 	 0.011568 
 0.003400 	 0.000017 	 0.012039 
 0.003500 	 0.000018 	 0.012511 
 0.003600 	 0.000019 	 0.012983 
 0.003700 	 0.000020 	 0.013456 
 0.003800 	 0.000022 	 0.013930 
 0.003900 	 0.000023 	 0.014404 
 0.004000 	 0.000025 	 0.014878 
 0.004100 	 0.000026 	 0.015352 
 0.004200 	 0.000028 	 0.015826 
 0.004300 	 0.000029 	 0.016301 
 0.004400 	 0.000031 	 0.016774 
 0.004500 	 0.000033 	 0.017248 
 0.004600 	 0.000034 	 0.017721 
 0.004700 	 0.000036 	 0.018194 
 0.004800 	 0.000038 	 0.018667 
 0.004900 	 0.000040 	 0.019139 
 0.005000 	 0.000042 	 0.019610 
 0.005100 	 0.000044 	 0.020081 
 0.005200 	 0.000046 	 0.020551 
 0.005300 	 0.000048 	 0.021020 
 0.005400 	 0.000050 	 0.021489 
 0.005500 	 0.000052 	 0.021957 
 0.005600 	 0.000055 	 0.022424 
 0.005700 	 0.000057 	 0.022890 
 0.005800 	 0.000059 	 0.023355 
 0.005900 	 0.000062 	 0.023820 
 0.006000 	 0.000064 	 0.024283 
 0.006100 	 0.000066 	 0.024746 
 0.006200 	 0.000069 	 0.025207 
 0.006300 	 0.000071 	 0.025668 
 0.006400 	 0.000074 	 0.026127 
 0.006500 	 0.000077 	 0.026586 
 0.006600 	 0.000079 	 0.027043 
 0.006700 	 0.000082 	 0.027499 
 0.006800 	 0.000085 	 0.027954 
 0.006900 	 0.000088 	 0.028408 
 0.007000 	 0.000090 	 0.028861 
 0.007100 	 0.000093 	 0.029313 
 0.007200 	 0.000096 	 0.029764 
 0.007300 	 0.000099 	 0.030213 
 0.007400 	 0.000102 	 0.030661 
 0.007500 	 0.000105 	 0.031108 
 0.007600 	 0.000109 	 0.031554 
 0.007700 	 0.000112 	 0.031999 
 0.007800 	 0.000115 	 0.032442 
 0.007900 	 0.000118 	 0.032884 
 0.008000 	 0.000122 	 0.033325 
 0.008100 	 0.000125 	 0.033764 
 0.008200 	 0.000128 	 0.034202 
 0.008300 	 0.000132 	 0.034639 
 0.008400 	 0.000135 	 0.035075 
 0.008500 	 0.000139 	 0.035509 
 0.008600 	 0.000142 	 0.035942 
 0.008700 	 0.000146 	 0.036373 
 0.008800 	 0.000150 	 0.036803 
 0.008900 	 0.000153 	 0.037232 
 0.009000 	 0.000157 	 0.037659 
 0.009100 	 0.000161 	 0.038085 
 0.009200 	 0.000165 	 0.038510 
 0.009300 	 0.000169 	 0.038933 
 0.009400 	 0.000172 	 0.039355 
 0.009500 	 0.000176 	 0.039775 
 0.009600 	 0.000180 	 0.040193 
 0.009700 	 0.000184 	 0.040611 
 0.009800 	 0.000189 	 0.041026 
 0.009900 	 0.000193 	 0.041441 
 0.010000 	 0.000197 	 0.041854 
 0.010100 	 0.000201 	 0.042265 
 0.010200 	 0.000205 	 0.042675 
 0.010300 	 0.000210 	 0.043083 
 0.010400 	 0.000214 	 0.043490 
 0.010500 	 0.000218 	 0.043895 
 0.010600 	 0.000223 	 0.044298 
 0.010700 	 0.000227 	 0.044700 
 0.010800 	 0.000232 	 0.045101 
 0.010900 	 0.000236 	 0.045500 
 0.011000 	 0.000241 	 0.045897 
 0.011100 	 0.000245 	 0.046292 
 0.011200 	 0.000250 	 0.046686 
 0.011300 	 0.000255 	 0.047079 
 0.011400 	 0.000259 	 0.047470 
 0.011500 	 0.000264 	 0.047859 
 0.011600 	 0.000269 	 0.048246 
 0.011700 	 0.000274 	 0.048632 
 0.011800 	 0.000279 	 0.049016 
 0.011900 	 0.000284 	 0.049399 
 0.012000 	 0.000289 	 0.049779 
 0.012100 	 0.000294 	 0.050158 
 0.012200 	 0.000299 	 0.050536 
 0.012300 	 0.000304 	 0.050911 
 0.012400 	 0.000309 	 0.051285 
 0.012500 	 0.000314 	 0.051657 
 0.012600 	 0.000319 	 0.052028 
 0.012700 	 0.000324 	 0.052396 
 0.012800 	 0.000330 	 0.052763 
 0.012900 	 0.000335 	 0.053128 
 0.013000 	 0.000340 	 0.053492 
 0.013100 	 0.000346 	 0.053853 
 0.013200 	 0.000351 	 0.054213 
 0.013300 	 0.000356 	 0.054571 
 0.013400 	 0.000362 	 0.054927 
 0.013500 	 0.000367 	 0.055281 
 0.013600 	 0.000373 	 0.055634 
 0.013700 	 0.000379 	 0.055984 
 0.013800 	 0.000384 	 0.056333 
 0.013900 	 0.000390 	 0.056680 
 0.014000 	 0.000396 	 0.057025 
 0.014100 	 0.000401 	 0.057368 
 0.014200 	 0.000407 	 0.057710 
 0.014300 	 0.000413 	 0.058049 
 0.014400 	 0.000419 	 0.058387 
 0.014500 	 0.000424 	 0.058722 
 0.014600 	 0.000430 	 0.059056 
 0.014700 	 0.000436 	 0.059388 
 0.014800 	 0.000442 	 0.059718 
 0.014900 	 0.000448 	 0.060046 
 0.015000 	 0.000454 	 0.060372 
 0.015100 	 0.000460 	 0.060696 
 0.015200 	 0.000466 	 0.061018 
 0.015300 	 0.000472 	 0.061338 
 0.015400 	 0.000479 	 0.061656 
 0.015500 	 0.000485 	 0.061972 
 0.015600 	 0.000491 	 0.062286 
 0.015700 	 0.000497 	 0.062598 
 0.015800 	 0.000504 	 0.062908 
 0.015900 	 0.000510 	 0.063216 
 0.016000 	 0.000516 	 0.063523 
 0.016100 	 0.000523 	 0.063827 
 0.016200 	 0.000529 	 0.064129 
 0.016300 	 0.000535 	 0.064429 
 0.016400 	 0.000542 	 0.064727 
 0.016500 	 0.000548 	 0.065023 
 0.016600 	 0.000555 	 0.065316 
 0.016700 	 0.000561 	 0.065608 
 0.016800 	 0.000568 	 0.065898 
 0.016900 	 0.000575 	 0.066186 
 0.017000 	 0.000581 	 0.066471 
 0.017100 	 0.000588 	 0.066754 
 0.017200 	 0.000595 	 0.067036 
 0.017300 	 0.000601 	 0.067315 
 0.017400 	 0.000608 	 0.067592 
 0.017500 	 0.000615 	 0.067867 
 0.017600 	 0.000622 	 0.068140 
 0.017700 	 0.000628 	 0.068411 
 0.017800 	 0.000635 	 0.068679 
 0.017900 	 0.000642 	 0.068946 
 0.018000 	 0.000649 	 0.069210 
 0.018100 	 0.000656 	 0.069472 
 0.018200 	 0.000663 	 0.069732 
 0.018300 	 0.000670 	 0.069990 
 0.018400 	 0.000677 	 0.070245 
 0.018500 	 0.000684 	 0.070499 
 0.018600 	 0.000691 	 0.070750 
 0.018700 	 0.000698 	 0.070999 
 0.018800 	 0.000705 	 0.071246 
 0.018900 	 0.000712 	 0.071491 
 0.019000 	 0.000720 	 0.071733 
 0.019100 	 0.000727 	 0.071973 
 0.019200 	 0.000734 	 0.072211 
 0.019300 	 0.000741 	 0.072447 
 0.019400 	 0.000748 	 0.072680 
 0.019500 	 0.000756 	 0.072912 
 0.019600 	 0.000763 	 0.073141 
 0.019700 	 0.000770 	 0.073367 
 0.019800 	 0.000778 	 0.073592 
 0.019900 	 0.000785 	 0.073814 
 0.020000 	 0.000792 	 0.074034 
 0.020100 	 0.000800 	 0.074252 
 0.020200 	 0.000807 	 0.074467 
 0.020300 	 0.000815 	 0.074680 
 0.020400 	 0.000822 	 0.074891 
 0.020500 	 0.000830 	 0.075100 
 0.020600 	 0.000837 	 0.075306 
 0.020700 	 0.000845 	 0.075510 
 0.020800 	 0.000852 	 0.075712 
 0.020900 	 0.000860 	 0.075911 
 0.021000 	 0.000868 	 0.076108 
 0.021100 	 0.000875 	 0.076303 
 0.021200 	 0.000883 	 0.076495 
 0.021300 	 0.000890 	 0.076685 
 0.021400 	 0.000898 	 0.076873 
 0.021500 	 0.000906 	 0.077058 
 0.021600 	 0.000914 	 0.077241 
 0.021700 	 0.000921 	 0.077422 
 0.021800 	 0.000929 	 0.077600 
 0.021900 	 0.000937 	 0.077776 
 0.022000 	 0.000945 	 0.077950 
 0.022100 	 0.000952 	 0.078121 
 0.022200 	 0.000960 	 0.078290 
 0.022300 	 0.000968 	 0.078457 
 0.022400 	 0.000976 	 0.078621 
 0.022500 	 0.000984 	 0.078783 
 0.022600 	 0.000992 	 0.078942 
 0.022700 	 0.001000 	 0.079099 
 0.022800 	 0.001007 	 0.079254 
 0.022900 	 0.001015 	 0.079406 
 0.023000 	 0.001023 	 0.079556 
 0.023100 	 0.001031 	 0.079703 
 0.023200 	 0.001039 	 0.079848 
 0.023300 	 0.001047 	 0.079991 
 0.023400 	 0.001055 	 0.080131 
 0.023500 	 0.001063 	 0.080269 
 0.023600 	 0.001071 	 0.080405 
 0.023700 	 0.001079 	 0.080538 
 0.023800 	 0.001087 	 0.080668 
 0.023900 	 0.001096 	 0.080796 
 0.024000 	 0.001104 	 0.080922 
 0.024100 	 0.001112 	 0.081046 
 0.024200 	 0.001120 	 0.081166 
 0.024300 	 0.001128 	 0.081285 
 0.024400 	 0.001136 	 0.081401 
 0.024500 	 0.001144 	 0.081514 
 0.024600 	 0.001152 	 0.081626 
 0.024700 	 0.001161 	 0.081734 
 0.024800 	 0.001169 	 0.081841 
 0.024900 	 0.001177 	 0.081944 
 0.025000 	 0.001185 	 0.082046 
 0.025100 	 0.001193 	 0.082145 
 0.025200 	 0.001202 	 0.082241 
 0.025300 	 0.001210 	 0.082335 
 0.025400 	 0.001218 	 0.082427 
 0.025500 	 0.001226 	 0.082516 
 0.025600 	 0.001235 	 0.082602 
 0.025700 	 0.001243 	 0.082686 
 0.025800 	 0.001251 	 0.082768 
 0.025900 	 0.001259 	 0.082847 
 0.026000 	 0.001268 	 0.082924 
 0.026100 	 0.001276 	 0.082998 
 0.026200 	 0.001284 	 0.083070 
 0.026300 	 0.001293 	 0.083140 
 0.026400 	 0.001301 	 0.083206 
 0.026500 	 0.001309 	 0.083271 
 0.026600 	 0.001318 	 0.083333 
 0.026700 	 0.001326 	 0.083392 
 0.026800 	 0.001334 	 0.083449 
 0.026900 	 0.001343 	 0.083504 
 0.027000 	 0.001351 	 0.083556 
 0.027100 	 0.001359 	 0.083605 
 0.027200 	 0.001368 	 0.083652 
 0.027300 	 0.001376 	 0.083697 
 0.027400 	 0.001384 	 0.083739 
 0.027500 	 0.001393 	 0.083778 
 0.027600 	 0.001401 	 0.083816 
 0.027700 	 0.001410 	 0.083850 
 0.027800 	 0.001418 	 0.083882 
 0.027900 	 0.001426 	 0.083912 
 0.028000 	 0.001435 	 0.083939 
 0.028100 	 0.001443 	 0.083964 
 0.028200 	 0.001451 	 0.083986 
 0.028300 	 0.001460 	 0.084006 
 0.028400 	 0.001468 	 0.084023 
 0.028500 	 0.001477 	 0.084038 
 0.028600 	 0.001485 	 0.084050 
 0.028700 	 0.001493 	 0.084060 
 0.028800 	 0.001502 	 0.084067 
 0.028900 	 0.001510 	 0.084072 
 0.029000 	 0.001519 	 0.084074 
 0.029100 	 0.001527 	 0.084074 
 0.029200 	 0.001536 	 0.084071 
 0.029300 	 0.001544 	 0.084066 
 0.029400 	 0.001552 	 0.084058 
 0.029500 	 0.001561 	 0.084048 
 0.029600 	 0.001569 	 0.084035 
 0.029700 	 0.001578 	 0.084020 
 0.029800 	 0.001586 	 0.084003 
 0.029900 	 0.001594 	 0.083983 
 0.030000 	 0.001603 	 0.083960 
 0.030100 	 0.001611 	 0.083935 
 0.030200 	 0.001620 	 0.083907 
 0.030300 	 0.001628 	 0.083877 
 0.030400 	 0.001636 	 0.083845 
 0.030500 	 0.001645 	 0.083810 
 0.030600 	 0.001653 	 0.083773 
 0.030700 	 0.001661 	 0.083733 
 0.030800 	 0.001670 	 0.083690 
 0.030900 	 0.001678 	 0.083646 
 0.031000 	 0.001687 	 0.083598 
 0.031100 	 0.001695 	 0.083549 
 0.031200 	 0.001703 	 0.083496 
 0.031300 	 0.001712 	 0.083442 
 0.031400 	 0.001720 	 0.083384 
 0.031500 	 0.001728 	 0.083325 
 0.031600 	 0.001737 	 0.083263 
 0.031700 	 0.001745 	 0.083198 
 0.031800 	 0.001753 	 0.083131 
 0.031900 	 0.001762 	 0.083062 
 0.032000 	 0.001770 	 0.082990 
 0.032100 	 0.001778 	 0.082916 
 0.032200 	 0.001786 	 0.082839 
 0.032300 	 0.001795 	 0.082760 
 0.032400 	 0.001803 	 0.082678 
 0.032500 	 0.001811 	 0.082594 
 0.032600 	 0.001820 	 0.082507 
 0.032700 	 0.001828 	 0.082418 
 0.032800 	 0.001836 	 0.082327 
 0.032900 	 0.001844 	 0.082233 
 0.033000 	 0.001852 	 0.082137 
 0.033100 	 0.001861 	 0.082038 
 0.033200 	 0.001869 	 0.081937 
 0.033300 	 0.001877 	 0.081833 
 0.033400 	 0.001885 	 0.081728 
 0.033500 	 0.001893 	 0.081619 
 0.033600 	 0.001902 	 0.081508 
 0.033700 	 0.001910 	 0.081395 
 0.033800 	 0.001918 	 0.081280 
 0.033900 	 0.001926 	 0.081162 
 0.034000 	 0.001934 	 0.081041 
 0.034100 	 0.001942 	 0.080919 
 0.034200 	 0.001950 	 0.080794 
 0.034300 	 0.001958 	 0.080666 
 0.034400 	 0.001966 	 0.080536 
 0.034500 	 0.001974 	 0.080404 
 0.034600 	 0.001982 	 0.080269 
 0.034700 	 0.001990 	 0.080132 
 0.034800 	 0.001998 	 0.079993 
 0.034900 	 0.002006 	 0.079851 
 0.035000 	 0.002014 	 0.079707 
 0.035100 	 0.002022 	 0.079561 
 0.035200 	 0.002030 	 0.079412 
 0.035300 	 0.002038 	 0.079261 
 0.035400 	 0.002046 	 0.079107 
 0.035500 	 0.002054 	 0.078951 
 0.035600 	 0.002062 	 0.078793 
 0.035700 	 0.002070 	 0.078633 
 0.035800 	 0.002078 	 0.078470 
 0.035900 	 0.002086 	 0.078305 
 0.036000 	 0.002093 	 0.078137 
 0.036100 	 0.002101 	 0.077967 
 0.036200 	 0.002109 	 0.077795 
 0.036300 	 0.002117 	 0.077621 
 0.036400 	 0.002125 	 0.077444 
 0.036500 	 0.002132 	 0.077265 
 0.036600 	 0.002140 	 0.077084 
 0.036700 	 0.002148 	 0.076900 
 0.036800 	 0.002155 	 0.076715 
 0.036900 	 0.002163 	 0.076526 
 0.037000 	 0.002171 	 0.076336 
 0.037100 	 0.002178 	 0.076143 
 0.037200 	 0.002186 	 0.075949 
 0.037300 	 0.002193 	 0.075751 
 0.037400 	 0.002201 	 0.075552 
 0.037500 	 0.002209 	 0.075350 
 0.037600 	 0.002216 	 0.075147 
 0.037700 	 0.002224 	 0.074940 
 0.037800 	 0.002231 	 0.074732 
 0.037900 	 0.002239 	 0.074522 
 0.038000 	 0.002246 	 0.074309 
 0.038100 	 0.002253 	 0.074094 
 0.038200 	 0.002261 	 0.073877 
 0.038300 	 0.002268 	 0.073657 
 0.038400 	 0.002276 	 0.073436 
 0.038500 	 0.002283 	 0.073212 
 0.038600 	 0.002290 	 0.072986 
 0.038700 	 0.002297 	 0.072758 
 0.038800 	 0.002305 	 0.072528 
 0.038900 	 0.002312 	 0.072295 
 0.039000 	 0.002319 	 0.072061 
 0.039100 	 0.002326 	 0.071824 
 0.039200 	 0.002334 	 0.071585 
 0.039300 	 0.002341 	 0.071344 
 0.039400 	 0.002348 	 0.071101 
 0.039500 	 0.002355 	 0.070856 
 0.039600 	 0.002362 	 0.070608 
 0.039700 	 0.002369 	 0.070359 
 0.039800 	 0.002376 	 0.070107 
 0.039900 	 0.002383 	 0.069854 
 0.040000 	 0.002390 	 0.069598 
 0.040100 	 0.002397 	 0.069340 
 0.040200 	 0.002404 	 0.069080 
 0.040300 	 0.002411 	 0.068818 
 0.040400 	 0.002418 	 0.068554 
 0.040500 	 0.002425 	 0.068288 
 0.040600 	 0.002431 	 0.068019 
 0.040700 	 0.002438 	 0.067749 
 0.040800 	 0.002445 	 0.067477 
 0.040900 	 0.002452 	 0.067203 
 0.041000 	 0.002458 	 0.066926 
 0.041100 	 0.002465 	 0.066648 
 0.041200 	 0.002472 	 0.066368 
 0.041300 	 0.002478 	 0.066085 
 0.041400 	 0.002485 	 0.065801 
 0.041500 	 0.002491 	 0.065515 
 0.041600 	 0.002498 	 0.065226 
 0.041700 	 0.002504 	 0.064936 
 0.041800 	 0.002511 	 0.064644 
 0.041900 	 0.002517 	 0.064350 
 0.042000 	 0.002524 	 0.064054 
 0.042100 	 0.002530 	 0.063756 
 0.042200 	 0.002537 	 0.063456 
 0.042300 	 0.002543 	 0.063154 
 0.042400 	 0.002549 	 0.062850 
 0.042500 	 0.002555 	 0.062544 
 0.042600 	 0.002562 	 0.062237 
 0.042700 	 0.002568 	 0.061927 
 0.042800 	 0.002574 	 0.061616 
 0.042900 	 0.002580 	 0.061302 
 0.043000 	 0.002586 	 0.060987 
 0.043100 	 0.002592 	 0.060670 
 0.043200 	 0.002598 	 0.060351 
 0.043300 	 0.002605 	 0.060031 
 0.043400 	 0.002610 	 0.059708 
 0.043500 	 0.002616 	 0.059384 
 0.043600 	 0.002622 	 0.059058 
 0.043700 	 0.002628 	 0.058730 
 0.043800 	 0.002634 	 0.058400 
 0.043900 	 0.002640 	 0.058068 
 0.044000 	 0.002646 	 0.057735 
 0.044100 	 0.002651 	 0.057400 
 0.044200 	 0.002657 	 0.057063 
 0.044300 	 0.002663 	 0.056724 
 0.044400 	 0.002669 	 0.056384 
 0.044500 	 0.002674 	 0.056042 
 0.044600 	 0.002680 	 0.055698 
 0.044700 	 0.002685 	 0.055352 
 0.044800 	 0.002691 	 0.055005 
 0.044900 	 0.002696 	 0.054656 
 0.045000 	 0.002702 	 0.054305 
 0.045100 	 0.002707 	 0.053953 
 0.045200 	 0.002713 	 0.053599 
 0.045300 	 0.002718 	 0.053243 
 0.045400 	 0.002723 	 0.052886 
 0.045500 	 0.002728 	 0.052527 
 0.045600 	 0.002734 	 0.052166 
 0.045700 	 0.002739 	 0.051804 
 0.045800 	 0.002744 	 0.051440 
 0.045900 	 0.002749 	 0.051074 
 0.046000 	 0.002754 	 0.050707 
 0.046100 	 0.002759 	 0.050338 
 0.046200 	 0.002764 	 0.049968 
 0.046300 	 0.002769 	 0.049596 
 0.046400 	 0.002774 	 0.049223 
 0.046500 	 0.002779 	 0.048848 
 0.046600 	 0.002784 	 0.048471 
 0.046700 	 0.002789 	 0.048093 
 0.046800 	 0.002794 	 0.047713 
 0.046900 	 0.002798 	 0.047332 
 0.047000 	 0.002803 	 0.046950 
 0.047100 	 0.002808 	 0.046566 
 0.047200 	 0.002812 	 0.046180 
 0.047300 	 0.002817 	 0.045793 
 0.047400 	 0.002822 	 0.045404 
 0.047500 	 0.002826 	 0.045014 
 0.047600 	 0.002831 	 0.044623 
 0.047700 	 0.002835 	 0.044230 
 0.047800 	 0.002839 	 0.043836 
 0.047900 	 0.002844 	 0.043440 
 0.048000 	 0.002848 	 0.043043 
 0.048100 	 0.002852 	 0.042645 
 0.048200 	 0.002857 	 0.042245 
 0.048300 	 0.002861 	 0.041843 
 0.048400 	 0.002865 	 0.041441 
 0.048500 	 0.002869 	 0.041037 
 0.048600 	 0.002873 	 0.040631 
 0.048700 	 0.002877 	 0.040225 
 0.048800 	 0.002881 	 0.039817 
 0.048900 	 0.002885 	 0.039408 
 0.049000 	 0.002889 	 0.038997 
 0.049100 	 0.002893 	 0.038585 
 0.049200 	 0.002897 	 0.038172 
 0.049300 	 0.002901 	 0.037758 
 0.049400 	 0.002904 	 0.037342 
 0.049500 	 0.002908 	 0.036925 
 0.049600 	 0.002912 	 0.036507 
 0.049700 	 0.002915 	 0.036088 
 0.049800 	 0.002919 	 0.035667 
 0.049900 	 0.002923 	 0.035245 
 0.050000 	 0.002926 	 0.034822 
 0.050100 	 0.002930 	 0.034398 
 0.050200 	 0.002933 	 0.033973 
 0.050300 	 0.002936 	 0.033546 
 0.050400 	 0.002940 	 0.033118 
 0.050500 	 0.002943 	 0.032690 
 0.050600 	 0.002946 	 0.032260 
 0.050700 	 0.002949 	 0.031829 
 0.050800 	 0.002953 	 0.031397 
 0.050900 	 0.002956 	 0.030963 
 0.051000 	 0.002959 	 0.030529 
 0.051100 	 0.002962 	 0.030094 
 0.051200 	 0.002965 	 0.029657 
 0.051300 	 0.002968 	 0.029220 
 0.051400 	 0.002971 	 0.028781 
 0.051500 	 0.002973 	 0.028342 
 0.051600 	 0.002976 	 0.027901 
 0.051700 	 0.002979 	 0.027460 
 0.051800 	 0.002982 	 0.027017 
 0.051900 	 0.002984 	 0.026574 
 0.052000 	 0.002987 	 0.026129 
 0.052100 	 0.002990 	 0.025684 
 0.052200 	 0.002992 	 0.025237 
 0.052300 	 0.002995 	 0.024790 
 0.052400 	 0.002997 	 0.024341 
 0.052500 	 0.003000 	 0.023892 
 0.052600 	 0.003002 	 0.023442 
 0.052700 	 0.003004 	 0.022991 
 0.052800 	 0.003007 	 0.022539 
 0.052900 	 0.003009 	 0.022087 
 0.053000 	 0.003011 	 0.021633 
 0.053100 	 0.003013 	 0.021179 
 0.053200 	 0.003015 	 0.020723 
 0.053300 	 0.003017 	 0.020267 
 0.053400 	 0.003019 	 0.019810 
 0.053500 	 0.003021 	 0.019353 
 0.053600 	 0.003023 	 0.018894 
 0.053700 	 0.003025 	 0.018435 
 0.053800 	 0.003027 	 0.017975 
 0.053900 	 0.003029 	 0.017514 
 0.054000 	 0.003030 	 0.017053 
 0.054100 	 0.003032 	 0.016591 
 0.054200 	 0.003034 	 0.016128 
 0.054300 	 0.003035 	 0.015664 
 0.054400 	 0.003037 	 0.015200 
 0.054500 	 0.003038 	 0.014735 
 0.054600 	 0.003040 	 0.014269 
 0.054700 	 0.003041 	 0.013803 
 0.054800 	 0.003043 	 0.013336 
 0.054900 	 0.003044 	 0.012868 
 0.055000 	 0.003045 	 0.012400 
 0.055100 	 0.003046 	 0.011931 
 0.055200 	 0.003047 	 0.011462 
 0.055300 	 0.003049 	 0.010992 
 0.055400 	 0.003050 	 0.010522 
 0.055500 	 0.003051 	 0.010050 
 0.055600 	 0.003052 	 0.009579 
 0.055700 	 0.003053 	 0.009107 
 0.055800 	 0.003053 	 0.008634 
 0.055900 	 0.003054 	 0.008161 
 0.056000 	 0.003055 	 0.007687 
 0.056100 	 0.003056 	 0.007213 
 0.056200 	 0.003057 	 0.006738 
 0.056300 	 0.003057 	 0.006263 
 0.056400 	 0.003058 	 0.005788 
 0.056500 	 0.003058 	 0.005311 
 0.056600 	 0.003059 	 0.004835 
 0.056700 	 0.003059 	 0.004358 
 0.056800 	 0.003060 	 0.003881 
 0.056900 	 0.003060 	 0.003403 
 0.057000 	 0.003060 	 0.002925 
 0.057100 	 0.003061 	 0.002447 
 0.057200 	 0.003061 	 0.001968 
 0.057300 	 0.003061 	 0.001489 
 0.057400 	 0.003061 	 0.001010 
 0.057500 	 0.003061 	 0.000530 
 0.057600 	 0.003061 	 0.000050 
 0.057700 	 0.003061 	 -0.000430 
 0.057800 	 0.003061 	 -0.000911 
 0.057900 	 0.003061 	 -0.001392 
 0.058000 	 0.003061 	 -0.001873 
 0.058100 	 0.003061 	 -0.002354 
 0.058200 	 0.003060 	 -0.002836 
 0.058300 	 0.003060 	 -0.003317 
 0.058400 	 0.003060 	 -0.003799 
 0.058500 	 0.003059 	 -0.004281 
 0.058600 	 0.003059 	 -0.004764 
 0.058700 	 0.003058 	 -0.005246 
 0.058800 	 0.003058 	 -0.005729 
 0.058900 	 0.003057 	 -0.006212 
 0.059000 	 0.003057 	 -0.006695 
 0.059100 	 0.003056 	 -0.007178 
 0.059200 	 0.003055 	 -0.007661 
 0.059300 	 0.003054 	 -0.008144 
 0.059400 	 0.003054 	 -0.008627 
 0.059500 	 0.003053 	 -0.009111 
 0.059600 	 0.003052 	 -0.009594 
 0.059700 	 0.003051 	 -0.010078 
 0.059800 	 0.003050 	 -0.010561 
 0.059900 	 0.003049 	 -0.011045 
 0.060000 	 0.003048 	 -0.011528 
 0.060100 	 0.003046 	 -0.012012 
 0.060200 	 0.003045 	 -0.012495 
 0.060300 	 0.003044 	 -0.012979 
 0.060400 	 0.003043 	 -0.013462 
 0.060500 	 0.003041 	 -0.013946 
 0.060600 	 0.003040 	 -0.014429 
 0.060700 	 0.003038 	 -0.014912 
 0.060800 	 0.003037 	 -0.015395 
 0.060900 	 0.003035 	 -0.015878 
 0.061000 	 0.003034 	 -0.016361 
 0.061100 	 0.003032 	 -0.016844 
 0.061200 	 0.003030 	 -0.017327 
 0.061300 	 0.003028 	 -0.017809 
 0.061400 	 0.003027 	 -0.018292 
 0.061500 	 0.003025 	 -0.018774 
 0.061600 	 0.003023 	 -0.019256 
 0.061700 	 0.003021 	 -0.019737 
 0.061800 	 0.003019 	 -0.020219 
 0.061900 	 0.003017 	 -0.020700 
 0.062000 	 0.003015 	 -0.021181 
 0.062100 	 0.003013 	 -0.021662 
 0.062200 	 0.003011 	 -0.022143 
 0.062300 	 0.003008 	 -0.022623 
 0.062400 	 0.003006 	 -0.023103 
 0.062500 	 0.003004 	 -0.023582 
 0.062600 	 0.003001 	 -0.024062 
 0.062700 	 0.002999 	 -0.024541 
 0.062800 	 0.002996 	 -0.025019 
 0.062900 	 0.002994 	 -0.025498 
 0.063000 	 0.002991 	 -0.025976 
 0.063100 	 0.002989 	 -0.026453 
 0.063200 	 0.002986 	 -0.026930 
 0.063300 	 0.002983 	 -0.027407 
 0.063400 	 0.002980 	 -0.027884 
 0.063500 	 0.002978 	 -0.028360 
 0.063600 	 0.002975 	 -0.028835 
 0.063700 	 0.002972 	 -0.029310 
 0.063800 	 0.002969 	 -0.029785 
 0.063900 	 0.002966 	 -0.030259 
 0.064000 	 0.002963 	 -0.030733 
 0.064100 	 0.002960 	 -0.031206 
 0.064200 	 0.002957 	 -0.031678 
 0.064300 	 0.002953 	 -0.032150 
 0.064400 	 0.002950 	 -0.032622 
 0.064500 	 0.002947 	 -0.033093 
 0.064600 	 0.002944 	 -0.033564 
 0.064700 	 0.002940 	 -0.034033 
 0.064800 	 0.002937 	 -0.034503 
 0.064900 	 0.002933 	 -0.034972 
 0.065000 	 0.002930 	 -0.035440 
 0.065100 	 0.002926 	 -0.035907 
 0.065200 	 0.002923 	 -0.036374 
 0.065300 	 0.002919 	 -0.036840 
 0.065400 	 0.002915 	 -0.037306 
 0.065500 	 0.002912 	 -0.037771 
 0.065600 	 0.002908 	 -0.038235 
 0.065700 	 0.002904 	 -0.038698 
 0.065800 	 0.002900 	 -0.039161 
 0.065900 	 0.002896 	 -0.039623 
 0.066000 	 0.002892 	 -0.040085 
 0.066100 	 0.002888 	 -0.040545 
 0.066200 	 0.002884 	 -0.041005 
 0.066300 	 0.002880 	 -0.041465 
 0.066400 	 0.002876 	 -0.041923 
 0.066500 	 0.002871 	 -0.042381 
 0.066600 	 0.002867 	 -0.042837 
 0.066700 	 0.002863 	 -0.043293 
 0.066800 	 0.002859 	 -0.043748 
 0.066900 	 0.002854 	 -0.044203 
 0.067000 	 0.002850 	 -0.044656 
 0.067100 	 0.002845 	 -0.045109 
 0.067200 	 0.002841 	 -0.045561 
 0.067300 	 0.002836 	 -0.046012 
 0.067400 	 0.002831 	 -0.046462 
 0.067500 	 0.002827 	 -0.046911 
 0.067600 	 0.002822 	 -0.047359 
 0.067700 	 0.002817 	 -0.047806 
 0.067800 	 0.002813 	 -0.048253 
 0.067900 	 0.002808 	 -0.048698 
 0.068000 	 0.002803 	 -0.049142 
 0.068100 	 0.002798 	 -0.049586 
 0.068200 	 0.002793 	 -0.050028 
 0.068300 	 0.002788 	 -0.050470 
 0.068400 	 0.002783 	 -0.050910 
 0.068500 	 0.002778 	 -0.051350 
 0.068600 	 0.002772 	 -0.051788 
 0.068700 	 0.002767 	 -0.052226 
 0.068800 	 0.002762 	 -0.052662 
 0.068900 	 0.002757 	 -0.053097 
 0.069000 	 0.002751 	 -0.053531 
 0.069100 	 0.002746 	 -0.053965 
 0.069200 	 0.002741 	 -0.054397 
 0.069300 	 0.002735 	 -0.054828 
 0.069400 	 0.002730 	 -0.055257 
 0.069500 	 0.002724 	 -0.055686 
 0.069600 	 0.002719 	 -0.056114 
 0.069700 	 0.002713 	 -0.056540 
 0.069800 	 0.002707 	 -0.056965 
 0.069900 	 0.002702 	 -0.057390 
 0.070000 	 0.002696 	 -0.057812 
 0.070100 	 0.002690 	 -0.058234 
 0.070200 	 0.002684 	 -0.058655 
 0.070300 	 0.002678 	 -0.059074 
 0.070400 	 0.002672 	 -0.059492 
 0.070500 	 0.002666 	 -0.059909 
 0.070600 	 0.002660 	 -0.060325 
 0.070700 	 0.002654 	 -0.060739 
 0.070800 	 0.002648 	 -0.061152 
 0.070900 	 0.002642 	 -0.061564 
 0.071000 	 0.002636 	 -0.061974 
 0.071100 	 0.002630 	 -0.062384 
 0.071200 	 0.002623 	 -0.062792 
 0.071300 	 0.002617 	 -0.063198 
 0.071400 	 0.002611 	 -0.063603 
 0.071500 	 0.002604 	 -0.064007 
 0.071600 	 0.002598 	 -0.064410 
 0.071700 	 0.002591 	 -0.064811 
 0.071800 	 0.002585 	 -0.065211 
 0.071900 	 0.002578 	 -0.065610 
 0.072000 	 0.002572 	 -0.066007 
 0.072100 	 0.002565 	 -0.066402 
 0.072200 	 0.002559 	 -0.066797 
 0.072300 	 0.002552 	 -0.067189 
 0.072400 	 0.002545 	 -0.067581 
 0.072500 	 0.002538 	 -0.067971 
 0.072600 	 0.002532 	 -0.068359 
 0.072700 	 0.002525 	 -0.068746 
 0.072800 	 0.002518 	 -0.069132 
 0.072900 	 0.002511 	 -0.069516 
 0.073000 	 0.002504 	 -0.069899 
 0.073100 	 0.002497 	 -0.070280 
 0.073200 	 0.002490 	 -0.070659 
 0.073300 	 0.002483 	 -0.071038 
 0.073400 	 0.002476 	 -0.071414 
 0.073500 	 0.002468 	 -0.071789 
 0.073600 	 0.002461 	 -0.072163 
 0.073700 	 0.002454 	 -0.072534 
 0.073800 	 0.002447 	 -0.072905 
 0.073900 	 0.002439 	 -0.073274 
 0.074000 	 0.002432 	 -0.073641 
 0.074100 	 0.002425 	 -0.074006 
 0.074200 	 0.002417 	 -0.074370 
 0.074300 	 0.002410 	 -0.074733 
 0.074400 	 0.002402 	 -0.075093 
 0.074500 	 0.002395 	 -0.075452 
 0.074600 	 0.002387 	 -0.075810 
 0.074700 	 0.002380 	 -0.076166 
 0.074800 	 0.002372 	 -0.076520 
 0.074900 	 0.002364 	 -0.076872 
 0.075000 	 0.002357 	 -0.077223 
 0.075100 	 0.002349 	 -0.077572 
 0.075200 	 0.002341 	 -0.077920 
 0.075300 	 0.002333 	 -0.078265 
 0.075400 	 0.002325 	 -0.078609 
 0.075500 	 0.002318 	 -0.078952 
 0.075600 	 0.002310 	 -0.079292 
 0.075700 	 0.002302 	 -0.079631 
 0.075800 	 0.002294 	 -0.079968 
 0.075900 	 0.002286 	 -0.080303 
 0.076000 	 0.002278 	 -0.080637 
 0.076100 	 0.002270 	 -0.080968 
 0.076200 	 0.002262 	 -0.081298 
 0.076300 	 0.002253 	 -0.081626 
 0.076400 	 0.002245 	 -0.081953 
 0.076500 	 0.002237 	 -0.082277 
 0.076600 	 0.002229 	 -0.082600 
 0.076700 	 0.002220 	 -0.082921 
 0.076800 	 0.002212 	 -0.083240 
 0.076900 	 0.002204 	 -0.083557 
 0.077000 	 0.002195 	 -0.083873 
 0.077100 	 0.002187 	 -0.084186 
 0.077200 	 0.002179 	 -0.084498 
 0.077300 	 0.002170 	 -0.084807 
 0.077400 	 0.002162 	 -0.085115 
 0.077500 	 0.002153 	 -0.085421 
 0.077600 	 0.002145 	 -0.085725 
 0.077700 	 0.002136 	 -0.086028 
 0.077800 	 0.002127 	 -0.086328 
 0.077900 	 0.002119 	 -0.086626 
 0.078000 	 0.002110 	 -0.086922 
 0.078100 	 0.002101 	 -0.087217 
 0.078200 	 0.002093 	 -0.087509 
 0.078300 	 0.002084 	 -0.087800 
 0.078400 	 0.002075 	 -0.088089 
 0.078500 	 0.002066 	 -0.088375 
 0.078600 	 0.002057 	 -0.088660 
 0.078700 	 0.002048 	 -0.088943 
 0.078800 	 0.002040 	 -0.089223 
 0.078900 	 0.002031 	 -0.089502 
 0.079000 	 0.002022 	 -0.089779 
 0.079100 	 0.002013 	 -0.090053 
 0.079200 	 0.002004 	 -0.090326 
 0.079300 	 0.001995 	 -0.090597 
 0.079400 	 0.001986 	 -0.090865 
 0.079500 	 0.001976 	 -0.091132 
 0.079600 	 0.001967 	 -0.091396 
 0.079700 	 0.001958 	 -0.091659 
 0.079800 	 0.001949 	 -0.091919 
 0.079900 	 0.001940 	 -0.092177 
 0.080000 	 0.001931 	 -0.092434 
 0.080100 	 0.001921 	 -0.092688 
 0.080200 	 0.001912 	 -0.092940 
 0.080300 	 0.001903 	 -0.093190 
 0.080400 	 0.001893 	 -0.093438 
 0.080500 	 0.001884 	 -0.093683 
 0.080600 	 0.001875 	 -0.093927 
 0.080700 	 0.001865 	 -0.094169 
 0.080800 	 0.001856 	 -0.094408 
 0.080900 	 0.001846 	 -0.094645 
 0.081000 	 0.001837 	 -0.094880 
 0.081100 	 0.001827 	 -0.095113 
 0.081200 	 0.001818 	 -0.095344 
 0.081300 	 0.001808 	 -0.095573 
 0.081400 	 0.001799 	 -0.095799 
 0.081500 	 0.001789 	 -0.096024 
 0.081600 	 0.001780 	 -0.096246 
 0.081700 	 0.001770 	 -0.096466 
 0.081800 	 0.001760 	 -0.096684 
 0.081900 	 0.001751 	 -0.096899 
 0.082000 	 0.001741 	 -0.097113 
 0.082100 	 0.001731 	 -0.097324 
 0.082200 	 0.001721 	 -0.097533 
 0.082300 	 0.001712 	 -0.097740 
 0.082400 	 0.001702 	 -0.097944 
 0.082500 	 0.001692 	 -0.098147 
 0.082600 	 0.001682 	 -0.098347 
 0.082700 	 0.001672 	 -0.098545 
 0.082800 	 0.001662 	 -0.098740 
 0.082900 	 0.001653 	 -0.098934 
 0.083000 	 0.001643 	 -0.099125 
 0.083100 	 0.001633 	 -0.099314 
 0.083200 	 0.001623 	 -0.099501 
 0.083300 	 0.001613 	 -0.099685 
 0.083400 	 0.001603 	 -0.099867 
 0.083500 	 0.001593 	 -0.100047 
 0.083600 	 0.001583 	 -0.100224 
 0.083700 	 0.001573 	 -0.100400 
 0.083800 	 0.001563 	 -0.100573 
 0.083900 	 0.001553 	 -0.100743 
 0.084000 	 0.001543 	 -0.100912 
 0.084100 	 0.001533 	 -0.101078 
 0.084200 	 0.001522 	 -0.101242 
 0.084300 	 0.001512 	 -0.101403 
 0.084400 	 0.001502 	 -0.101562 
 0.084500 	 0.001492 	 -0.101719 
 0.084600 	 0.001482 	 -0.101874 
 0.084700 	 0.001472 	 -0.102026 
 0.084800 	 0.001461 	 -0.102176 
 0.084900 	 0.001451 	 -0.102323 
 0.085000 	 0.001441 	 -0.102468 
 0.085100 	 0.001431 	 -0.102611 
 0.085200 	 0.001420 	 -0.102752 
 0.085300 	 0.001410 	 -0.102890 
 0.085400 	 0.001400 	 -0.103026 
 0.085500 	 0.001390 	 -0.103159 
 0.085600 	 0.001379 	 -0.103290 
 0.085700 	 0.001369 	 -0.103419 
 0.085800 	 0.001359 	 -0.103545 
 0.085900 	 0.001348 	 -0.103669 
 0.086000 	 0.001338 	 -0.103791 
 0.086100 	 0.001327 	 -0.103910 
 0.086200 	 0.001317 	 -0.104027 
 0.086300 	 0.001307 	 -0.104141 
 0.086400 	 0.001296 	 -0.104253 
 0.086500 	 0.001286 	 -0.104363 
 0.086600 	 0.001275 	 -0.104470 
 0.086700 	 0.001265 	 -0.104575 
 0.086800 	 0.001254 	 -0.104677 
 0.086900 	 0.001244 	 -0.104778 
 0.087000 	 0.001233 	 -0.104875 
 0.087100 	 0.001223 	 -0.104970 
 0.087200 	 0.001212 	 -0.105063 
 0.087300 	 0.001202 	 -0.105154 
 0.087400 	 0.001191 	 -0.105242 
 0.087500 	 0.001181 	 -0.105327 
 0.087600 	 0.001170 	 -0.105411 
 0.087700 	 0.001160 	 -0.105491 
 0.087800 	 0.001149 	 -0.105570 
 0.087900 	 0.001139 	 -0.105646 
 0.088000 	 0.001128 	 -0.105719 
 0.088100 	 0.001118 	 -0.105790 
 0.088200 	 0.001107 	 -0.105859 
 0.088300 	 0.001096 	 -0.105925 
 0.088400 	 0.001086 	 -0.105989 
 0.088500 	 0.001075 	 -0.106050 
 0.088600 	 0.001065 	 -0.106109 
 0.088700 	 0.001054 	 -0.106165 
 0.088800 	 0.001043 	 -0.106219 
 0.088900 	 0.001033 	 -0.106271 
 0.089000 	 0.001022 	 -0.106320 
 0.089100 	 0.001011 	 -0.106366 
 0.089200 	 0.001001 	 -0.106411 
 0.089300 	 0.000990 	 -0.106452 
 0.089400 	 0.000980 	 -0.106492 
 0.089500 	 0.000969 	 -0.106528 
 0.089600 	 0.000958 	 -0.106563 
 0.089700 	 0.000948 	 -0.106595 
 0.089800 	 0.000937 	 -0.106624 
 0.089900 	 0.000926 	 -0.106651 
 0.090000 	 0.000916 	 -0.106676 
 0.090100 	 0.000905 	 -0.106698 
 0.090200 	 0.000894 	 -0.106717 
 0.090300 	 0.000884 	 -0.106735 
 0.090400 	 0.000873 	 -0.106749 
 0.090500 	 0.000862 	 -0.106761 
 0.090600 	 0.000852 	 -0.106771 
 0.090700 	 0.000841 	 -0.106779 
 0.090800 	 0.000830 	 -0.106783 
 0.090900 	 0.000820 	 -0.106786 
 0.091000 	 0.000809 	 -0.106786 
 0.091100 	 0.000798 	 -0.106783 
 0.091200 	 0.000787 	 -0.106778 
 0.091300 	 0.000777 	 -0.106771 
 0.091400 	 0.000766 	 -0.106761 
 0.091500 	 0.000755 	 -0.106748 
 0.091600 	 0.000745 	 -0.106734 
 0.091700 	 0.000734 	 -0.106716 
 0.091800 	 0.000723 	 -0.106696 
 0.091900 	 0.000713 	 -0.106674 
 0.092000 	 0.000702 	 -0.106649 
 0.092100 	 0.000691 	 -0.106622 
 0.092200 	 0.000681 	 -0.106593 
 0.092300 	 0.000670 	 -0.106561 
 0.092400 	 0.000659 	 -0.106526 
 0.092500 	 0.000649 	 -0.106489 
 0.092600 	 0.000638 	 -0.106449 
 0.092700 	 0.000628 	 -0.106408 
 0.092800 	 0.000617 	 -0.106363 
 0.092900 	 0.000606 	 -0.106316 
 0.093000 	 0.000596 	 -0.106267 
 0.093100 	 0.000585 	 -0.106215 
 0.093200 	 0.000574 	 -0.106161 
 0.093300 	 0.000564 	 -0.106104 
 0.093400 	 0.000553 	 -0.106045 
 0.093500 	 0.000543 	 -0.105984 
 0.093600 	 0.000532 	 -0.105920 
 0.093700 	 0.000521 	 -0.105853 
 0.093800 	 0.000511 	 -0.105784 
 0.093900 	 0.000500 	 -0.105713 
 0.094000 	 0.000490 	 -0.105639 
 0.094100 	 0.000479 	 -0.105563 
 0.094200 	 0.000469 	 -0.105484 
 0.094300 	 0.000458 	 -0.105403 
 0.094400 	 0.000447 	 -0.105319 
 0.094500 	 0.000437 	 -0.105233 
 0.094600 	 0.000426 	 -0.105145 
 0.094700 	 0.000416 	 -0.105054 
 0.094800 	 0.000405 	 -0.104961 
 0.094900 	 0.000395 	 -0.104865 
 0.095000 	 0.000384 	 -0.104767 
 0.095100 	 0.000374 	 -0.104666 
 0.095200 	 0.000363 	 -0.104563 
 0.095300 	 0.000353 	 -0.104458 
 0.095400 	 0.000343 	 -0.104350 
 0.095500 	 0.000332 	 -0.104240 
 0.095600 	 0.000322 	 -0.104127 
 0.095700 	 0.000311 	 -0.104012 
 0.095800 	 0.000301 	 -0.103895 
 0.095900 	 0.000291 	 -0.103775 
 0.096000 	 0.000280 	 -0.103653 
 0.096100 	 0.000270 	 -0.103528 
 0.096200 	 0.000259 	 -0.103401 
 0.096300 	 0.000249 	 -0.103272 
 0.096400 	 0.000239 	 -0.103140 
 0.096500 	 0.000229 	 -0.103006 
 0.096600 	 0.000218 	 -0.102869 
 0.096700 	 0.000208 	 -0.102730 
 0.096800 	 0.000198 	 -0.102589 
 0.096900 	 0.000187 	 -0.102445 
 0.097000 	 0.000177 	 -0.102299 
 0.097100 	 0.000167 	 -0.102151 
 0.097200 	 0.000157 	 -0.102000 
 0.097300 	 0.000147 	 -0.101847 
 0.097400 	 0.000136 	 -0.101691 
 0.097500 	 0.000126 	 -0.101533 
 0.097600 	 0.000116 	 -0.101373 
 0.097700 	 0.000106 	 -0.101211 
 0.097800 	 0.000096 	 -0.101046 
 0.097900 	 0.000086 	 -0.100878 
 0.098000 	 0.000076 	 -0.100709 
 0.098100 	 0.000066 	 -0.100537 
 0.098200 	 0.000056 	 -0.100363 
 0.098300 	 0.000046 	 -0.100186 
 0.098400 	 0.000036 	 -0.100008 
 0.098500 	 0.000026 	 -0.099826 
 0.098600 	 0.000016 	 -0.099643 
 0.098700 	 0.000006 	 -0.099457 
 0.098800 	 -0.000004 	 -0.099269 
 0.098900 	 -0.000014 	 -0.099079 
 0.099000 	 -0.000024 	 -0.098886 
 0.099100 	 -0.000034 	 -0.098691 
 0.099200 	 -0.000044 	 -0.098494 
 0.099300 	 -0.000054 	 -0.098295 
 0.099400 	 -0.000064 	 -0.098093 
 0.099500 	 -0.000073 	 -0.097889 
 0.099600 	 -0.000083 	 -0.097683 
 0.099700 	 -0.000093 	 -0.097474 
 0.099800 	 -0.000103 	 -0.097264 
 0.099900 	 -0.000112 	 -0.097051 
 0.100000 	 -0.000122 	 -0.096835 
 0.100100 	 -0.000132 	 -0.096618 
 0.100200 	 -0.000141 	 -0.096398 
 0.100300 	 -0.000151 	 -0.096176 
 0.100400 	 -0.000161 	 -0.095952 
 0.100500 	 -0.000170 	 -0.095726 
 0.100600 	 -0.000180 	 -0.095497 
 0.100700 	 -0.000189 	 -0.095267 
 0.100800 	 -0.000199 	 -0.095034 
 0.100900 	 -0.000208 	 -0.094799 
 0.101000 	 -0.000218 	 -0.094561 
 0.101100 	 -0.000227 	 -0.094322 
 0.101200 	 -0.000237 	 -0.094080 
 0.101300 	 -0.000246 	 -0.093836 
 0.101400 	 -0.000255 	 -0.093590 
 0.101500 	 -0.000265 	 -0.093342 
 0.101600 	 -0.000274 	 -0.093092 
 0.101700 	 -0.000283 	 -0.092840 
 0.101800 	 -0.000293 	 -0.092585 
 0.101900 	 -0.000302 	 -0.092328 
 0.102000 	 -0.000311 	 -0.092069 
 0.102100 	 -0.000320 	 -0.091809 
 0.102200 	 -0.000329 	 -0.091545 
 0.102300 	 -0.000339 	 -0.091280 
 0.102400 	 -0.000348 	 -0.091013 
 0.102500 	 -0.000357 	 -0.090744 
 0.102600 	 -0.000366 	 -0.090472 
 0.102700 	 -0.000375 	 -0.090199 
 0.102800 	 -0.000384 	 -0.089923 
 0.102900 	 -0.000393 	 -0.089646 
 0.103000 	 -0.000402 	 -0.089366 
 0.103100 	 -0.000411 	 -0.089084 
 0.103200 	 -0.000420 	 -0.088800 
 0.103300 	 -0.000429 	 -0.088514 
 0.103400 	 -0.000437 	 -0.088227 
 0.103500 	 -0.000446 	 -0.087937 
 0.103600 	 -0.000455 	 -0.087645 
 0.103700 	 -0.000464 	 -0.087351 
 0.103800 	 -0.000472 	 -0.087055 
 0.103900 	 -0.000481 	 -0.086757 
 0.104000 	 -0.000490 	 -0.086457 
 0.104100 	 -0.000498 	 -0.086155 
 0.104200 	 -0.000507 	 -0.085851 
 0.104300 	 -0.000516 	 -0.085545 
 0.104400 	 -0.000524 	 -0.085238 
 0.104500 	 -0.000533 	 -0.084928 
 0.104600 	 -0.000541 	 -0.084616 
 0.104700 	 -0.000550 	 -0.084303 
 0.104800 	 -0.000558 	 -0.083987 
 0.104900 	 -0.000566 	 -0.083670 
 0.105000 	 -0.000575 	 -0.083350 
 0.105100 	 -0.000583 	 -0.083029 
 0.105200 	 -0.000591 	 -0.082706 
 0.105300 	 -0.000600 	 -0.082381 
 0.105400 	 -0.000608 	 -0.082054 
 0.105500 	 -0.000616 	 -0.081725 
 0.105600 	 -0.000624 	 -0.081394 
 0.105700 	 -0.000632 	 -0.081062 
 0.105800 	 -0.000640 	 -0.080727 
 0.105900 	 -0.000648 	 -0.080391 
 0.106000 	 -0.000656 	 -0.080053 
 0.106100 	 -0.000664 	 -0.079713 
 0.106200 	 -0.000672 	 -0.079371 
 0.106300 	 -0.000680 	 -0.079028 
 0.106400 	 -0.000688 	 -0.078682 
 0.106500 	 -0.000696 	 -0.078335 
 0.106600 	 -0.000704 	 -0.077986 
 0.106700 	 -0.000712 	 -0.077636 
 0.106800 	 -0.000719 	 -0.077283 
 0.106900 	 -0.000727 	 -0.076929 
 0.107000 	 -0.000735 	 -0.076573 
 0.107100 	 -0.000742 	 -0.076215 
 0.107200 	 -0.000750 	 -0.075856 
 0.107300 	 -0.000758 	 -0.075495 
 0.107400 	 -0.000765 	 -0.075132 
 0.107500 	 -0.000773 	 -0.074767 
 0.107600 	 -0.000780 	 -0.074401 
 0.107700 	 -0.000787 	 -0.074033 
 0.107800 	 -0.000795 	 -0.073664 
 0.107900 	 -0.000802 	 -0.073292 
 0.108000 	 -0.000809 	 -0.072919 
 0.108100 	 -0.000817 	 -0.072545 
 0.108200 	 -0.000824 	 -0.072169 
 0.108300 	 -0.000831 	 -0.071791 
 0.108400 	 -0.000838 	 -0.071411 
 0.108500 	 -0.000845 	 -0.071030 
 0.108600 	 -0.000853 	 -0.070647 
 0.108700 	 -0.000860 	 -0.070263 
 0.108800 	 -0.000867 	 -0.069877 
 0.108900 	 -0.000874 	 -0.069490 
 0.109000 	 -0.000880 	 -0.069101 
 0.109100 	 -0.000887 	 -0.068710 
 0.109200 	 -0.000894 	 -0.068318 
 0.109300 	 -0.000901 	 -0.067924 
 0.109400 	 -0.000908 	 -0.067529 
 0.109500 	 -0.000915 	 -0.067133 
 0.109600 	 -0.000921 	 -0.066734 
 0.109700 	 -0.000928 	 -0.066335 
 0.109800 	 -0.000935 	 -0.065933 
 0.109900 	 -0.000941 	 -0.065531 
 0.110000 	 -0.000948 	 -0.065127 
 0.110100 	 -0.000954 	 -0.064721 
 0.110200 	 -0.000961 	 -0.064314 
 0.110300 	 -0.000967 	 -0.063905 
 0.110400 	 -0.000973 	 -0.063496 
 0.110500 	 -0.000980 	 -0.063084 
 0.110600 	 -0.000986 	 -0.062671 
 0.110700 	 -0.000992 	 -0.062257 
 0.110800 	 -0.000998 	 -0.061842 
 0.110900 	 -0.001005 	 -0.061425 
 0.111000 	 -0.001011 	 -0.061007 
 0.111100 	 -0.001017 	 -0.060587 
 0.111200 	 -0.001023 	 -0.060166 
 0.111300 	 -0.001029 	 -0.059744 
 0.111400 	 -0.001035 	 -0.059320 
 0.111500 	 -0.001041 	 -0.058895 
 0.111600 	 -0.001047 	 -0.058469 
 0.111700 	 -0.001052 	 -0.058041 
 0.111800 	 -0.001058 	 -0.057612 
 0.111900 	 -0.001064 	 -0.057182 
 0.112000 	 -0.001070 	 -0.056751 
 0.112100 	 -0.001075 	 -0.056318 
 0.112200 	 -0.001081 	 -0.055884 
 0.112300 	 -0.001086 	 -0.055449 
 0.112400 	 -0.001092 	 -0.055013 
 0.112500 	 -0.001097 	 -0.054575 
 0.112600 	 -0.001103 	 -0.054137 
 0.112700 	 -0.001108 	 -0.053697 
 0.112800 	 -0.001114 	 -0.053256 
 0.112900 	 -0.001119 	 -0.052813 
 0.113000 	 -0.001124 	 -0.052370 
 0.113100 	 -0.001129 	 -0.051925 
 0.113200 	 -0.001135 	 -0.051480 
 0.113300 	 -0.001140 	 -0.051033 
 0.113400 	 -0.001145 	 -0.050585 
 0.113500 	 -0.001150 	 -0.050136 
 0.113600 	 -0.001155 	 -0.049686 
 0.113700 	 -0.001160 	 -0.049235 
 0.113800 	 -0.001165 	 -0.048782 
 0.113900 	 -0.001169 	 -0.048329 
 0.114000 	 -0.001174 	 -0.047875 
 0.114100 	 -0.001179 	 -0.047419 
 0.114200 	 -0.001184 	 -0.046963 
 0.114300 	 -0.001188 	 -0.046505 
 0.114400 	 -0.001193 	 -0.046047 
 0.114500 	 -0.001198 	 -0.045587 
 0.114600 	 -0.001202 	 -0.045127 
 0.114700 	 -0.001207 	 -0.044666 
 0.114800 	 -0.001211 	 -0.044203 
 0.114900 	 -0.001216 	 -0.043740 
 0.115000 	 -0.001220 	 -0.043276 
 0.115100 	 -0.001224 	 -0.042811 
 0.115200 	 -0.001228 	 -0.042345 
 0.115300 	 -0.001233 	 -0.041878 
 0.115400 	 -0.001237 	 -0.041410 
 0.115500 	 -0.001241 	 -0.040941 
 0.115600 	 -0.001245 	 -0.040472 
 0.115700 	 -0.001249 	 -0.040001 
 0.115800 	 -0.001253 	 -0.039530 
 0.115900 	 -0.001257 	 -0.039058 
 0.116000 	 -0.001261 	 -0.038585 
 0.116100 	 -0.001265 	 -0.038111 
 0.116200 	 -0.001268 	 -0.037637 
 0.116300 	 -0.001272 	 -0.037162 
 0.116400 	 -0.001276 	 -0.036686 
 0.116500 	 -0.001280 	 -0.036209 
 0.116600 	 -0.001283 	 -0.035731 
 0.116700 	 -0.001287 	 -0.035253 
 0.116800 	 -0.001290 	 -0.034774 
 0.116900 	 -0.001294 	 -0.034294 
 0.117000 	 -0.001297 	 -0.033814 
 0.117100 	 -0.001300 	 -0.033333 
 0.117200 	 -0.001304 	 -0.032851 
 0.117300 	 -0.001307 	 -0.032368 
 0.117400 	 -0.001310 	 -0.031885 
 0.117500 	 -0.001313 	 -0.031402 
 0.117600 	 -0.001316 	 -0.030917 
 0.117700 	 -0.001320 	 -0.030432 
 0.117800 	 -0.001323 	 -0.029947 
 0.117900 	 -0.001325 	 -0.029461 
 0.118000 	 -0.001328 	 -0.028974 
 0.118100 	 -0.001331 	 -0.028487 
 0.118200 	 -0.001334 	 -0.027999 
 0.118300 	 -0.001337 	 -0.027510 
 0.118400 	 -0.001340 	 -0.027021 
 0.118500 	 -0.001342 	 -0.026532 
 0.118600 	 -0.001345 	 -0.026042 
 0.118700 	 -0.001348 	 -0.025551 
 0.118800 	 -0.001350 	 -0.025060 
 0.118900 	 -0.001353 	 -0.024569 
 0.119000 	 -0.001355 	 -0.024077 
 0.119100 	 -0.001357 	 -0.023585 
 0.119200 	 -0.001360 	 -0.023092 
 0.119300 	 -0.001362 	 -0.022599 
 0.119400 	 -0.001364 	 -0.022105 
 0.119500 	 -0.001366 	 -0.021611 
 0.119600 	 -0.001369 	 -0.021117 
 0.119700 	 -0.001371 	 -0.020622 
 0.119800 	 -0.001373 	 -0.020127 
 0.119900 	 -0.001375 	 -0.019632 
 0.120000 	 -0.001377 	 -0.019136 
 0.120100 	 -0.001378 	 -0.018640 
 0.120200 	 -0.001380 	 -0.018143 
 0.120300 	 -0.001382 	 -0.017646 
 0.120400 	 -0.001384 	 -0.017149 
 0.120500 	 -0.001386 	 -0.016652 
 0.120600 	 -0.001387 	 -0.016154 
 0.120700 	 -0.001389 	 -0.015657 
 0.120800 	 -0.001390 	 -0.015159 
 0.120900 	 -0.001392 	 -0.014660 
 0.121000 	 -0.001393 	 -0.014162 
 0.121100 	 -0.001395 	 -0.013663 
 0.121200 	 -0.001396 	 -0.013164 
 0.121300 	 -0.001397 	 -0.012665 
 0.121400 	 -0.001398 	 -0.012166 
 0.121500 	 -0.001400 	 -0.011666 
 0.121600 	 -0.001401 	 -0.011167 
 0.121700 	 -0.001402 	 -0.010667 
 0.121800 	 -0.001403 	 -0.010168 
 0.121900 	 -0.001404 	 -0.009668 
 0.122000 	 -0.001405 	 -0.009168 
 0.122100 	 -0.001406 	 -0.008668 
 0.122200 	 -0.001407 	 -0.008167 
 0.122300 	 -0.001407 	 -0.007667 
 0.122400 	 -0.001408 	 -0.007167 
 0.122500 	 -0.001409 	 -0.006667 
 0.122600 	 -0.001409 	 -0.006167 
 0.122700 	 -0.001410 	 -0.005666 
 0.122800 	 -0.001411 	 -0.005166 
 0.122900 	 -0.001411 	 -0.004666 
 0.123000 	 -0.001412 	 -0.004166 
 0.123100 	 -0.001412 	 -0.003665 
 0.123200 	 -0.001412 	 -0.003165 
 0.123300 	 -0.001413 	 -0.002665 
 0.123400 	 -0.001413 	 -0.002165 
 0.123500 	 -0.001413 	 -0.001666 
 0.123600 	 -0.001413 	 -0.001166 
 0.123700 	 -0.001413 	 -0.000666 
 0.123800 	 -0.001413 	 -0.000167 
 0.123900 	 -0.001413 	 0.000333 
 0.124000 	 -0.001413 	 0.000832 
 0.124100 	 -0.001413 	 0.001331 
 0.124200 	 -0.001413 	 0.001830 
 0.124300 	 -0.001413 	 0.002328 
 0.124400 	 -0.001412 	 0.002827 
 0.124500 	 -0.001412 	 0.003325 
 0.124600 	 -0.001412 	 0.003823 
 0.124700 	 -0.001411 	 0.004321 
 0.124800 	 -0.001411 	 0.004818 
 0.124900 	 -0.001410 	 0.005316 
 0.125000 	 -0.001410 	 0.005813 
 0.125100 	 -0.001409 	 0.006309 
 0.125200 	 -0.001409 	 0.006806 
 0.125300 	 -0.001408 	 0.007302 
 0.125400 	 -0.001407 	 0.007797 
 0.125500 	 -0.001406 	 0.008293 
 0.125600 	 -0.001406 	 0.008788 
 0.125700 	 -0.001405 	 0.009283 
 0.125800 	 -0.001404 	 0.009777 
 0.125900 	 -0.001403 	 0.010271 
 0.126000 	 -0.001402 	 0.010764 
 0.126100 	 -0.001400 	 0.011257 
 0.126200 	 -0.001399 	 0.011750 
 0.126300 	 -0.001398 	 0.012242 
 0.126400 	 -0.001397 	 0.012734 
 0.126500 	 -0.001396 	 0.013225 
 0.126600 	 -0.001394 	 0.013716 
 0.126700 	 -0.001393 	 0.014207 
 0.126800 	 -0.001391 	 0.014696 
 0.126900 	 -0.001390 	 0.015186 
 0.127000 	 -0.001388 	 0.015675 
 0.127100 	 -0.001387 	 0.016163 
 0.127200 	 -0.001385 	 0.016651 
 0.127300 	 -0.001383 	 0.017138 
 0.127400 	 -0.001382 	 0.017624 
 0.127500 	 -0.001380 	 0.018110 
 0.127600 	 -0.001378 	 0.018596 
 0.127700 	 -0.001376 	 0.019081 
 0.127800 	 -0.001374 	 0.019565 
 0.127900 	 -0.001372 	 0.020048 
 0.128000 	 -0.001370 	 0.020531 
 0.128100 	 -0.001368 	 0.021014 
 0.128200 	 -0.001366 	 0.021495 
 0.128300 	 -0.001364 	 0.021976 
 0.128400 	 -0.001362 	 0.022456 
 0.128500 	 -0.001359 	 0.022936 
 0.128600 	 -0.001357 	 0.023415 
 0.128700 	 -0.001355 	 0.023893 
 0.128800 	 -0.001352 	 0.024370 
 0.128900 	 -0.001350 	 0.024847 
 0.129000 	 -0.001347 	 0.025323 
 0.129100 	 -0.001345 	 0.025798 
 0.129200 	 -0.001342 	 0.026272 
 0.129300 	 -0.001340 	 0.026746 
 0.129400 	 -0.001337 	 0.027218 
 0.129500 	 -0.001334 	 0.027690 
 0.129600 	 -0.001331 	 0.028161 
 0.129700 	 -0.001328 	 0.028631 
 0.129800 	 -0.001326 	 0.029101 
 0.129900 	 -0.001323 	 0.029569 
 0.130000 	 -0.001320 	 0.030037 
 0.130100 	 -0.001317 	 0.030504 
 0.130200 	 -0.001314 	 0.030969 
 0.130300 	 -0.001310 	 0.031434 
 0.130400 	 -0.001307 	 0.031898 
 0.130500 	 -0.001304 	 0.032361 
 0.130600 	 -0.001301 	 0.032823 
 0.130700 	 -0.001297 	 0.033284 
 0.130800 	 -0.001294 	 0.033745 
 0.130900 	 -0.001291 	 0.034204 
 0.131000 	 -0.001287 	 0.034662 
 0.131100 	 -0.001284 	 0.035119 
 0.131200 	 -0.001280 	 0.035575 
 0.131300 	 -0.001277 	 0.036030 
 0.131400 	 -0.001273 	 0.036485 
 0.131500 	 -0.001269 	 0.036938 
 0.131600 	 -0.001266 	 0.037390 
 0.131700 	 -0.001262 	 0.037841 
 0.131800 	 -0.001258 	 0.038290 
 0.131900 	 -0.001254 	 0.038739 
 0.132000 	 -0.001250 	 0.039187 
 0.132100 	 -0.001246 	 0.039633 
 0.132200 	 -0.001242 	 0.040079 
 0.132300 	 -0.001238 	 0.040523 
 0.132400 	 -0.001234 	 0.040966 
 0.132500 	 -0.001230 	 0.041408 
 0.132600 	 -0.001226 	 0.041849 
 0.132700 	 -0.001222 	 0.042288 
 0.132800 	 -0.001218 	 0.042727 
 0.132900 	 -0.001213 	 0.043164 
 0.133000 	 -0.001209 	 0.043600 
 0.133100 	 -0.001205 	 0.044035 
 0.133200 	 -0.001200 	 0.044468 
 0.133300 	 -0.001196 	 0.044901 
 0.133400 	 -0.001191 	 0.045332 
 0.133500 	 -0.001187 	 0.045761 
 0.133600 	 -0.001182 	 0.046190 
 0.133700 	 -0.001177 	 0.046617 
 0.133800 	 -0.001173 	 0.047043 
 0.133900 	 -0.001168 	 0.047468 
 0.134000 	 -0.001163 	 0.047891 
 0.134100 	 -0.001158 	 0.048313 
 0.134200 	 -0.001154 	 0.048733 
 0.134300 	 -0.001149 	 0.049153 
 0.134400 	 -0.001144 	 0.049570 
 0.134500 	 -0.001139 	 0.049987 
 0.134600 	 -0.001134 	 0.050402 
 0.134700 	 -0.001129 	 0.050816 
 0.134800 	 -0.001124 	 0.051228 
 0.134900 	 -0.001118 	 0.051639 
 0.135000 	 -0.001113 	 0.052049 
 0.135100 	 -0.001108 	 0.052457 
 0.135200 	 -0.001103 	 0.052863 
 0.135300 	 -0.001097 	 0.053268 
 0.135400 	 -0.001092 	 0.053672 
 0.135500 	 -0.001087 	 0.054074 
 0.135600 	 -0.001081 	 0.054475 
 0.135700 	 -0.001076 	 0.054874 
 0.135800 	 -0.001070 	 0.055272 
 0.135900 	 -0.001065 	 0.055668 
 0.136000 	 -0.001059 	 0.056063 
 0.136100 	 -0.001054 	 0.056456 
 0.136200 	 -0.001048 	 0.056848 
 0.136300 	 -0.001042 	 0.057238 
 0.136400 	 -0.001036 	 0.057627 
 0.136500 	 -0.001031 	 0.058014 
 0.136600 	 -0.001025 	 0.058399 
 0.136700 	 -0.001019 	 0.058783 
 0.136800 	 -0.001013 	 0.059165 
 0.136900 	 -0.001007 	 0.059546 
 0.137000 	 -0.001001 	 0.059925 
 0.137100 	 -0.000995 	 0.060302 
 0.137200 	 -0.000989 	 0.060678 
 0.137300 	 -0.000983 	 0.061052 
 0.137400 	 -0.000977 	 0.061424 
 0.137500 	 -0.000971 	 0.061795 
 0.137600 	 -0.000965 	 0.062164 
 0.137700 	 -0.000958 	 0.062531 
 0.137800 	 -0.000952 	 0.062897 
 0.137900 	 -0.000946 	 0.063261 
 0.138000 	 -0.000939 	 0.063623 
 0.138100 	 -0.000933 	 0.063984 
 0.138200 	 -0.000927 	 0.064343 
 0.138300 	 -0.000920 	 0.064700 
 0.138400 	 -0.000914 	 0.065055 
 0.138500 	 -0.000907 	 0.065409 
 0.138600 	 -0.000901 	 0.065760 
 0.138700 	 -0.000894 	 0.066111 
 0.138800 	 -0.000887 	 0.066459 
 0.138900 	 -0.000881 	 0.066805 
 0.139000 	 -0.000874 	 0.067150 
 0.139100 	 -0.000867 	 0.067493 
 0.139200 	 -0.000860 	 0.067834 
 0.139300 	 -0.000854 	 0.068173 
 0.139400 	 -0.000847 	 0.068511 
 0.139500 	 -0.000840 	 0.068846 
 0.139600 	 -0.000833 	 0.069180 
 0.139700 	 -0.000826 	 0.069512 
 0.139800 	 -0.000819 	 0.069842 
 0.139900 	 -0.000812 	 0.070170 
 0.140000 	 -0.000805 	 0.070496 
 0.140100 	 -0.000798 	 0.070821 
 0.140200 	 -0.000791 	 0.071143 
 0.140300 	 -0.000784 	 0.071464 
 0.140400 	 -0.000777 	 0.071783 
 0.140500 	 -0.000769 	 0.072099 
 0.140600 	 -0.000762 	 0.072414 
 0.140700 	 -0.000755 	 0.072727 
 0.140800 	 -0.000748 	 0.073038 
 0.140900 	 -0.000740 	 0.073347 
 0.141000 	 -0.000733 	 0.073654 
 0.141100 	 -0.000726 	 0.073959 
 0.141200 	 -0.000718 	 0.074262 
 0.141300 	 -0.000711 	 0.074563 
 0.141400 	 -0.000703 	 0.074862 
 0.141500 	 -0.000696 	 0.075160 
 0.141600 	 -0.000688 	 0.075455 
 0.141700 	 -0.000681 	 0.075748 
 0.141800 	 -0.000673 	 0.076039 
 0.141900 	 -0.000666 	 0.076328 
 0.142000 	 -0.000658 	 0.076615 
 0.142100 	 -0.000650 	 0.076900 
 0.142200 	 -0.000642 	 0.077183 
 0.142300 	 -0.000635 	 0.077464 
 0.142400 	 -0.000627 	 0.077743 
 0.142500 	 -0.000619 	 0.078020 
 0.142600 	 -0.000611 	 0.078294 
 0.142700 	 -0.000604 	 0.078567 
 0.142800 	 -0.000596 	 0.078838 
 0.142900 	 -0.000588 	 0.079106 
 0.143000 	 -0.000580 	 0.079372 
 0.143100 	 -0.000572 	 0.079637 
 0.143200 	 -0.000564 	 0.079899 
 0.143300 	 -0.000556 	 0.080159 
 0.143400 	 -0.000548 	 0.080417 
 0.143500 	 -0.000540 	 0.080673 
 0.143600 	 -0.000532 	 0.080926 
 0.143700 	 -0.000524 	 0.081178 
 0.143800 	 -0.000516 	 0.081427 
 0.143900 	 -0.000507 	 0.081674 
 0.144000 	 -0.000499 	 0.081919 
 0.144100 	 -0.000491 	 0.082162 
 0.144200 	 -0.000483 	 0.082403 
 0.144300 	 -0.000475 	 0.082641 
 0.144400 	 -0.000466 	 0.082878 
 0.144500 	 -0.000458 	 0.083112 
 0.144600 	 -0.000450 	 0.083344 
 0.144700 	 -0.000441 	 0.083573 
 0.144800 	 -0.000433 	 0.083801 
 0.144900 	 -0.000424 	 0.084026 
 0.145000 	 -0.000416 	 0.084249 
 0.145100 	 -0.000408 	 0.084470 
 0.145200 	 -0.000399 	 0.084689 
 0.145300 	 -0.000391 	 0.084905 
 0.145400 	 -0.000382 	 0.085119 
 0.145500 	 -0.000374 	 0.085331 
 0.145600 	 -0.000365 	 0.085541 
 0.145700 	 -0.000357 	 0.085748 
 0.145800 	 -0.000348 	 0.085953 
 0.145900 	 -0.000339 	 0.086156 
 0.146000 	 -0.000331 	 0.086357 
 0.146100 	 -0.000322 	 0.086555 
 0.146200 	 -0.000313 	 0.086751 
 0.146300 	 -0.000305 	 0.086945 
 0.146400 	 -0.000296 	 0.087136 
 0.146500 	 -0.000287 	 0.087325 
 0.146600 	 -0.000279 	 0.087512 
 0.146700 	 -0.000270 	 0.087697 
 0.146800 	 -0.000261 	 0.087879 
 0.146900 	 -0.000252 	 0.088059 
 0.147000 	 -0.000243 	 0.088237 
 0.147100 	 -0.000235 	 0.088412 
 0.147200 	 -0.000226 	 0.088585 
 0.147300 	 -0.000217 	 0.088756 
 0.147400 	 -0.000208 	 0.088924 
 0.147500 	 -0.000199 	 0.089090 
 0.147600 	 -0.000190 	 0.089253 
 0.147700 	 -0.000181 	 0.089415 
 0.147800 	 -0.000172 	 0.089574 
 0.147900 	 -0.000163 	 0.089730 
 0.148000 	 -0.000154 	 0.089884 
 0.148100 	 -0.000145 	 0.090036 
 0.148200 	 -0.000136 	 0.090186 
 0.148300 	 -0.000127 	 0.090333 
 0.148400 	 -0.000118 	 0.090477 
 0.148500 	 -0.000109 	 0.090620 
 0.148600 	 -0.000100 	 0.090760 
 0.148700 	 -0.000091 	 0.090897 
 0.148800 	 -0.000082 	 0.091033 
 0.148900 	 -0.000073 	 0.091165 
 0.149000 	 -0.000064 	 0.091296 
 0.149100 	 -0.000055 	 0.091424 
 0.149200 	 -0.000045 	 0.091549 
 0.149300 	 -0.000036 	 0.091673 
 0.149400 	 -0.000027 	 0.091793 
 0.149500 	 -0.000018 	 0.091912 
 0.149600 	 -0.000009 	 0.092028 
 0.149700 	 0.000000 	 0.092141 
 0.149800 	 0.000010 	 0.092253 
 0.149900 	 0.000019 	 0.092361 
 0.150000 	 0.000028 	 0.092468 
 0.150100 	 0.000037 	 0.092571 
 0.150200 	 0.000047 	 0.092673 
 0.150300 	 0.000056 	 0.092772 
 0.150400 	 0.000065 	 0.092869 
 0.150500 	 0.000075 	 0.092963 
 0.150600 	 0.000084 	 0.093054 
 0.150700 	 0.000093 	 0.093144 
 0.150800 	 0.000102 	 0.093231 
 0.150900 	 0.000112 	 0.093315 
 0.151000 	 0.000121 	 0.093397 
 0.151100 	 0.000130 	 0.093476 
 0.151200 	 0.000140 	 0.093553 
 0.151300 	 0.000149 	 0.093628 
 0.151400 	 0.000159 	 0.093700 
 0.151500 	 0.000168 	 0.093770 
 0.151600 	 0.000177 	 0.093837 
 0.151700 	 0.000187 	 0.093902 
 0.151800 	 0.000196 	 0.093964 
 0.151900 	 0.000205 	 0.094024 
 0.152000 	 0.000215 	 0.094082 
 0.152100 	 0.000224 	 0.094137 
 0.152200 	 0.000234 	 0.094189 
 0.152300 	 0.000243 	 0.094239 
 0.152400 	 0.000253 	 0.094287 
 0.152500 	 0.000262 	 0.094332 
 0.152600 	 0.000271 	 0.094374 
 0.152700 	 0.000281 	 0.094414 
 0.152800 	 0.000290 	 0.094452 
 0.152900 	 0.000300 	 0.094487 
 0.153000 	 0.000309 	 0.094520 
 0.153100 	 0.000319 	 0.094550 
 0.153200 	 0.000328 	 0.094578 
 0.153300 	 0.000338 	 0.094603 
 0.153400 	 0.000347 	 0.094626 
 0.153500 	 0.000356 	 0.094647 
 0.153600 	 0.000366 	 0.094664 
 0.153700 	 0.000375 	 0.094680 
 0.153800 	 0.000385 	 0.094693 
 0.153900 	 0.000394 	 0.094703 
 0.154000 	 0.000404 	 0.094711 
 0.154100 	 0.000413 	 0.094717 
 0.154200 	 0.000423 	 0.094720 
 0.154300 	 0.000432 	 0.094720 
 0.154400 	 0.000442 	 0.094718 
 0.154500 	 0.000451 	 0.094714 
 0.154600 	 0.000461 	 0.094707 
 0.154700 	 0.000470 	 0.094698 
 0.154800 	 0.000480 	 0.094686 
 0.154900 	 0.000489 	 0.094672 
 0.155000 	 0.000499 	 0.094655 
 0.155100 	 0.000508 	 0.094636 
 0.155200 	 0.000517 	 0.094614 
 0.155300 	 0.000527 	 0.094590 
 0.155400 	 0.000536 	 0.094563 
 0.155500 	 0.000546 	 0.094534 
 0.155600 	 0.000555 	 0.094502 
 0.155700 	 0.000565 	 0.094468 
 0.155800 	 0.000574 	 0.094432 
 0.155900 	 0.000584 	 0.094393 
 0.156000 	 0.000593 	 0.094351 
 0.156100 	 0.000602 	 0.094307 
 0.156200 	 0.000612 	 0.094261 
 0.156300 	 0.000621 	 0.094212 
 0.156400 	 0.000631 	 0.094161 
 0.156500 	 0.000640 	 0.094107 
 0.156600 	 0.000650 	 0.094050 
 0.156700 	 0.000659 	 0.093992 
 0.156800 	 0.000668 	 0.093931 
 0.156900 	 0.000678 	 0.093867 
 0.157000 	 0.000687 	 0.093801 
 0.157100 	 0.000697 	 0.093732 
 0.157200 	 0.000706 	 0.093661 
 0.157300 	 0.000715 	 0.093588 
 0.157400 	 0.000725 	 0.093512 
 0.157500 	 0.000734 	 0.093434 
 0.157600 	 0.000743 	 0.093353 
 0.157700 	 0.000753 	 0.093270 
 0.157800 	 0.000762 	 0.093184 
 0.157900 	 0.000771 	 0.093096 
 0.158000 	 0.000781 	 0.093006 
 0.158100 	 0.000790 	 0.092913 
 0.158200 	 0.000799 	 0.092817 
 0.158300 	 0.000808 	 0.092720 
 0.158400 	 0.000818 	 0.092619 
 0.158500 	 0.000827 	 0.092517 
 0.158600 	 0.000836 	 0.092412 
 0.158700 	 0.000845 	 0.092304 
 0.158800 	 0.000855 	 0.092194 
 0.158900 	 0.000864 	 0.092082 
 0.159000 	 0.000873 	 0.091967 
 0.159100 	 0.000882 	 0.091850 
 0.159200 	 0.000891 	 0.091731 
 0.159300 	 0.000901 	 0.091609 
 0.159400 	 0.000910 	 0.091485 
 0.159500 	 0.000919 	 0.091358 
 0.159600 	 0.000928 	 0.091229 
 0.159700 	 0.000937 	 0.091098 
 0.159800 	 0.000946 	 0.090964 
 0.159900 	 0.000955 	 0.090828 
 0.160000 	 0.000964 	 0.090689 
 0.160100 	 0.000973 	 0.090548 
 0.160200 	 0.000983 	 0.090405 
 0.160300 	 0.000992 	 0.090259 
 0.160400 	 0.001001 	 0.090111 
 0.160500 	 0.001010 	 0.089961 
 0.160600 	 0.001019 	 0.089808 
 0.160700 	 0.001028 	 0.089653 
 0.160800 	 0.001037 	 0.089496 
 0.160900 	 0.001045 	 0.089336 
 0.161000 	 0.001054 	 0.089174 
 0.161100 	 0.001063 	 0.089009 
 0.161200 	 0.001072 	 0.088843 
 0.161300 	 0.001081 	 0.088674 
 0.161400 	 0.001090 	 0.088502 
 0.161500 	 0.001099 	 0.088329 
 0.161600 	 0.001108 	 0.088153 
 0.161700 	 0.001116 	 0.087974 
 0.161800 	 0.001125 	 0.087794 
 0.161900 	 0.001134 	 0.087611 
 0.162000 	 0.001143 	 0.087425 
 0.162100 	 0.001151 	 0.087238 
 0.162200 	 0.001160 	 0.087048 
 0.162300 	 0.001169 	 0.086856 
 0.162400 	 0.001178 	 0.086662 
 0.162500 	 0.001186 	 0.086465 
 0.162600 	 0.001195 	 0.086266 
 0.162700 	 0.001203 	 0.086065 
 0.162800 	 0.001212 	 0.085862 
 0.162900 	 0.001221 	 0.085656 
 0.163000 	 0.001229 	 0.085449 
 0.163100 	 0.001238 	 0.085239 
 0.163200 	 0.001246 	 0.085026 
 0.163300 	 0.001255 	 0.084812 
 0.163400 	 0.001263 	 0.084595 
 0.163500 	 0.001272 	 0.084376 
 0.163600 	 0.001280 	 0.084155 
 0.163700 	 0.001288 	 0.083932 
 0.163800 	 0.001297 	 0.083706 
 0.163900 	 0.001305 	 0.083478 
 0.164000 	 0.001314 	 0.083248 
 0.164100 	 0.001322 	 0.083016 
 0.164200 	 0.001330 	 0.082782 
 0.164300 	 0.001338 	 0.082545 
 0.164400 	 0.001347 	 0.082307 
 0.164500 	 0.001355 	 0.082066 
 0.164600 	 0.001363 	 0.081823 
 0.164700 	 0.001371 	 0.081578 
 0.164800 	 0.001379 	 0.081331 
 0.164900 	 0.001387 	 0.081081 
 0.165000 	 0.001396 	 0.080830 
 0.165100 	 0.001404 	 0.080576 
 0.165200 	 0.001412 	 0.080321 
 0.165300 	 0.001420 	 0.080063 
 0.165400 	 0.001428 	 0.079803 
 0.165500 	 0.001436 	 0.079541 
 0.165600 	 0.001444 	 0.079277 
 0.165700 	 0.001452 	 0.079011 
 0.165800 	 0.001459 	 0.078743 
 0.165900 	 0.001467 	 0.078472 
 0.166000 	 0.001475 	 0.078200 
 0.166100 	 0.001483 	 0.077926 
 0.166200 	 0.001491 	 0.077649 
 0.166300 	 0.001498 	 0.077371 
 0.166400 	 0.001506 	 0.077090 
 0.166500 	 0.001514 	 0.076808 
 0.166600 	 0.001522 	 0.076523 
 0.166700 	 0.001529 	 0.076236 
 0.166800 	 0.001537 	 0.075948 
 0.166900 	 0.001544 	 0.075657 
 0.167000 	 0.001552 	 0.075365 
 0.167100 	 0.001559 	 0.075070 
 0.167200 	 0.001567 	 0.074774 
 0.167300 	 0.001574 	 0.074475 
 0.167400 	 0.001582 	 0.074175 
 0.167500 	 0.001589 	 0.073873 
 0.167600 	 0.001597 	 0.073568 
 0.167700 	 0.001604 	 0.073262 
 0.167800 	 0.001611 	 0.072954 
 0.167900 	 0.001619 	 0.072644 
 0.168000 	 0.001626 	 0.072332 
 0.168100 	 0.001633 	 0.072018 
 0.168200 	 0.001640 	 0.071702 
 0.168300 	 0.001647 	 0.071384 
 0.168400 	 0.001654 	 0.071065 
 0.168500 	 0.001662 	 0.070743 
 0.168600 	 0.001669 	 0.070420 
 0.168700 	 0.001676 	 0.070095 
 0.168800 	 0.001683 	 0.069768 
 0.168900 	 0.001690 	 0.069439 
 0.169000 	 0.001696 	 0.069108 
 0.169100 	 0.001703 	 0.068776 
 0.169200 	 0.001710 	 0.068442 
 0.169300 	 0.001717 	 0.068106 
 0.169400 	 0.001724 	 0.067768 
 0.169500 	 0.001731 	 0.067428 
 0.169600 	 0.001737 	 0.067087 
 0.169700 	 0.001744 	 0.066743 
 0.169800 	 0.001751 	 0.066398 
 0.169900 	 0.001757 	 0.066052 
 0.170000 	 0.001764 	 0.065703 
 0.170100 	 0.001770 	 0.065353 
 0.170200 	 0.001777 	 0.065001 
 0.170300 	 0.001783 	 0.064647 
 0.170400 	 0.001790 	 0.064292 
 0.170500 	 0.001796 	 0.063935 
 0.170600 	 0.001803 	 0.063576 
 0.170700 	 0.001809 	 0.063216 
 0.170800 	 0.001815 	 0.062853 
 0.170900 	 0.001822 	 0.062490 
 0.171000 	 0.001828 	 0.062124 
 0.171100 	 0.001834 	 0.061757 
 0.171200 	 0.001840 	 0.061388 
 0.171300 	 0.001846 	 0.061018 
 0.171400 	 0.001852 	 0.060646 
 0.171500 	 0.001858 	 0.060273 
 0.171600 	 0.001864 	 0.059897 
 0.171700 	 0.001870 	 0.059521 
 0.171800 	 0.001876 	 0.059142 
 0.171900 	 0.001882 	 0.058762 
 0.172000 	 0.001888 	 0.058381 
 0.172100 	 0.001894 	 0.057998 
 0.172200 	 0.001900 	 0.057613 
 0.172300 	 0.001905 	 0.057227 
 0.172400 	 0.001911 	 0.056840 
 0.172500 	 0.001917 	 0.056451 
 0.172600 	 0.001922 	 0.056060 
 0.172700 	 0.001928 	 0.055668 
 0.172800 	 0.001934 	 0.055274 
 0.172900 	 0.001939 	 0.054879 
 0.173000 	 0.001945 	 0.054483 
 0.173100 	 0.001950 	 0.054085 
 0.173200 	 0.001955 	 0.053685 
 0.173300 	 0.001961 	 0.053284 
 0.173400 	 0.001966 	 0.052882 
 0.173500 	 0.001971 	 0.052479 
 0.173600 	 0.001977 	 0.052073 
 0.173700 	 0.001982 	 0.051667 
 0.173800 	 0.001987 	 0.051259 
 0.173900 	 0.001992 	 0.050850 
 0.174000 	 0.001997 	 0.050439 
 0.174100 	 0.002002 	 0.050027 
 0.174200 	 0.002007 	 0.049614 
 0.174300 	 0.002012 	 0.049199 
 0.174400 	 0.002017 	 0.048784 
 0.174500 	 0.002022 	 0.048366 
 0.174600 	 0.002027 	 0.047948 
 0.174700 	 0.002031 	 0.047528 
 0.174800 	 0.002036 	 0.047107 
 0.174900 	 0.002041 	 0.046684 
 0.175000 	 0.002045 	 0.046261 
 0.175100 	 0.002050 	 0.045836 
 0.175200 	 0.002055 	 0.045410 
 0.175300 	 0.002059 	 0.044983 
 0.175400 	 0.002064 	 0.044554 
 0.175500 	 0.002068 	 0.044124 
 0.175600 	 0.002072 	 0.043693 
 0.175700 	 0.002077 	 0.043261 
 0.175800 	 0.002081 	 0.042828 
 0.175900 	 0.002085 	 0.042394 
 0.176000 	 0.002090 	 0.041958 
 0.176100 	 0.002094 	 0.041521 
 0.176200 	 0.002098 	 0.041084 
 0.176300 	 0.002102 	 0.040645 
 0.176400 	 0.002106 	 0.040205 
 0.176500 	 0.002110 	 0.039763 
 0.176600 	 0.002114 	 0.039321 
 0.176700 	 0.002118 	 0.038878 
 0.176800 	 0.002122 	 0.038434 
 0.176900 	 0.002125 	 0.037988 
 0.177000 	 0.002129 	 0.037542 
 0.177100 	 0.002133 	 0.037094 
 0.177200 	 0.002137 	 0.036646 
 0.177300 	 0.002140 	 0.036196 
 0.177400 	 0.002144 	 0.035746 
 0.177500 	 0.002147 	 0.035294 
 0.177600 	 0.002151 	 0.034842 
 0.177700 	 0.002154 	 0.034389 
 0.177800 	 0.002158 	 0.033934 
 0.177900 	 0.002161 	 0.033479 
 0.178000 	 0.002165 	 0.033023 
 0.178100 	 0.002168 	 0.032566 
 0.178200 	 0.002171 	 0.032108 
 0.178300 	 0.002174 	 0.031649 
 0.178400 	 0.002177 	 0.031189 
 0.178500 	 0.002180 	 0.030729 
 0.178600 	 0.002184 	 0.030267 
 0.178700 	 0.002187 	 0.029805 
 0.178800 	 0.002190 	 0.029342 
 0.178900 	 0.002192 	 0.028878 
 0.179000 	 0.002195 	 0.028413 
 0.179100 	 0.002198 	 0.027947 
 0.179200 	 0.002201 	 0.027481 
 0.179300 	 0.002204 	 0.027014 
 0.179400 	 0.002206 	 0.026546 
 0.179500 	 0.002209 	 0.026077 
 0.179600 	 0.002211 	 0.025608 
 0.179700 	 0.002214 	 0.025138 
 0.179800 	 0.002217 	 0.024667 
 0.179900 	 0.002219 	 0.024196 
 0.180000 	 0.002221 	 0.023723 
 0.180100 	 0.002224 	 0.023251 
 0.180200 	 0.002226 	 0.022777 
 0.180300 	 0.002228 	 0.022303 
 0.180400 	 0.002230 	 0.021828 
 0.180500 	 0.002233 	 0.021353 
 0.180600 	 0.002235 	 0.020877 
 0.180700 	 0.002237 	 0.020400 
 0.180800 	 0.002239 	 0.019923 
 0.180900 	 0.002241 	 0.019445 
 0.181000 	 0.002243 	 0.018966 
 0.181100 	 0.002245 	 0.018487 
 0.181200 	 0.002246 	 0.018008 
 0.181300 	 0.002248 	 0.017528 
 0.181400 	 0.002250 	 0.017047 
 0.181500 	 0.002252 	 0.016566 
 0.181600 	 0.002253 	 0.016085 
 0.181700 	 0.002255 	 0.015603 
 0.181800 	 0.002256 	 0.015120 
 0.181900 	 0.002258 	 0.014637 
 0.182000 	 0.002259 	 0.014154 
 0.182100 	 0.002261 	 0.013670 
 0.182200 	 0.002262 	 0.013186 
 0.182300 	 0.002263 	 0.012701 
 0.182400 	 0.002265 	 0.012216 
 0.182500 	 0.002266 	 0.011730 
 0.182600 	 0.002267 	 0.011244 
 0.182700 	 0.002268 	 0.010758 
 0.182800 	 0.002269 	 0.010272 
 0.182900 	 0.002270 	 0.009785 
 0.183000 	 0.002271 	 0.009297 
 0.183100 	 0.002272 	 0.008810 
 0.183200 	 0.002273 	 0.008322 
 0.183300 	 0.002274 	 0.007834 
 0.183400 	 0.002274 	 0.007345 
 0.183500 	 0.002275 	 0.006857 
 0.183600 	 0.002276 	 0.006368 
 0.183700 	 0.002276 	 0.005879 
 0.183800 	 0.002277 	 0.005389 
 0.183900 	 0.002277 	 0.004900 
 0.184000 	 0.002278 	 0.004410 
 0.184100 	 0.002278 	 0.003920 
 0.184200 	 0.002279 	 0.003429 
 0.184300 	 0.002279 	 0.002939 
 0.184400 	 0.002279 	 0.002449 
 0.184500 	 0.002279 	 0.001958 
 0.184600 	 0.002280 	 0.001467 
 0.184700 	 0.002280 	 0.000976 
 0.184800 	 0.002280 	 0.000485 
 0.184900 	 0.002280 	 -0.000006 
 0.185000 	 0.002280 	 -0.000497 
 0.185100 	 0.002280 	 -0.000988 
 0.185200 	 0.002280 	 -0.001480 
 0.185300 	 0.002279 	 -0.001971 
 0.185400 	 0.002279 	 -0.002462 
 0.185500 	 0.002279 	 -0.002954 
 0.185600 	 0.002279 	 -0.003445 
 0.185700 	 0.002278 	 -0.003936 
 0.185800 	 0.002278 	 -0.004428 
 0.185900 	 0.002277 	 -0.004919 
 0.186000 	 0.002277 	 -0.005410 
 0.186100 	 0.002276 	 -0.005902 
 0.186200 	 0.002276 	 -0.006393 
 0.186300 	 0.002275 	 -0.006884 
 0.186400 	 0.002274 	 -0.007375 
 0.186500 	 0.002274 	 -0.007866 
 0.186600 	 0.002273 	 -0.008357 
 0.186700 	 0.002272 	 -0.008847 
 0.186800 	 0.002271 	 -0.009338 
 0.186900 	 0.002270 	 -0.009828 
 0.187000 	 0.002269 	 -0.010318 
 0.187100 	 0.002268 	 -0.010808 
 0.187200 	 0.002267 	 -0.011298 
 0.187300 	 0.002266 	 -0.011788 
 0.187400 	 0.002264 	 -0.012277 
 0.187500 	 0.002263 	 -0.012766 
 0.187600 	 0.002262 	 -0.013255 
 0.187700 	 0.002261 	 -0.013744 
 0.187800 	 0.002259 	 -0.014232 
 0.187900 	 0.002258 	 -0.014720 
 0.188000 	 0.002256 	 -0.015208 
 0.188100 	 0.002255 	 -0.015696 
 0.188200 	 0.002253 	 -0.016183 
 0.188300 	 0.002251 	 -0.016670 
 0.188400 	 0.002250 	 -0.017156 
 0.188500 	 0.002248 	 -0.017642 
 0.188600 	 0.002246 	 -0.018128 
 0.188700 	 0.002244 	 -0.018614 
 0.188800 	 0.002243 	 -0.019099 
 0.188900 	 0.002241 	 -0.019583 
 0.189000 	 0.002239 	 -0.020068 
 0.189100 	 0.002237 	 -0.020551 
 0.189200 	 0.002234 	 -0.021035 
 0.189300 	 0.002232 	 -0.021518 
 0.189400 	 0.002230 	 -0.022000 
 0.189500 	 0.002228 	 -0.022482 
 0.189600 	 0.002226 	 -0.022964 
 0.189700 	 0.002223 	 -0.023445 
 0.189800 	 0.002221 	 -0.023925 
 0.189900 	 0.002219 	 -0.024405 
 0.190000 	 0.002216 	 -0.024885 
 0.190100 	 0.002214 	 -0.025363 
 0.190200 	 0.002211 	 -0.025842 
 0.190300 	 0.002208 	 -0.026320 
 0.190400 	 0.002206 	 -0.026797 
 0.190500 	 0.002203 	 -0.027273 
 0.190600 	 0.002200 	 -0.027749 
 0.190700 	 0.002198 	 -0.028225 
 0.190800 	 0.002195 	 -0.028699 
 0.190900 	 0.002192 	 -0.029173 
 0.191000 	 0.002189 	 -0.029647 
 0.191100 	 0.002186 	 -0.030120 
 0.191200 	 0.002183 	 -0.030592 
 0.191300 	 0.002180 	 -0.031063 
 0.191400 	 0.002177 	 -0.031534 
 0.191500 	 0.002173 	 -0.032004 
 0.191600 	 0.002170 	 -0.032473 
 0.191700 	 0.002167 	 -0.032942 
 0.191800 	 0.002164 	 -0.033409 
 0.191900 	 0.002160 	 -0.033876 
 0.192000 	 0.002157 	 -0.034343 
 0.192100 	 0.002153 	 -0.034808 
 0.192200 	 0.002150 	 -0.035273 
 0.192300 	 0.002146 	 -0.035737 
 0.192400 	 0.002143 	 -0.036200 
 0.192500 	 0.002139 	 -0.036662 
 0.192600 	 0.002135 	 -0.037123 
 0.192700 	 0.002132 	 -0.037584 
 0.192800 	 0.002128 	 -0.038043 
 0.192900 	 0.002124 	 -0.038502 
 0.193000 	 0.002120 	 -0.038960 
 0.193100 	 0.002116 	 -0.039417 
 0.193200 	 0.002112 	 -0.039873 
 0.193300 	 0.002108 	 -0.040328 
 0.193400 	 0.002104 	 -0.040782 
 0.193500 	 0.002100 	 -0.041235 
 0.193600 	 0.002096 	 -0.041688 
 0.193700 	 0.002092 	 -0.042139 
 0.193800 	 0.002088 	 -0.042589 
 0.193900 	 0.002083 	 -0.043039 
 0.194000 	 0.002079 	 -0.043487 
 0.194100 	 0.002075 	 -0.043934 
 0.194200 	 0.002070 	 -0.044381 
 0.194300 	 0.002066 	 -0.044826 
 0.194400 	 0.002061 	 -0.045270 
 0.194500 	 0.002057 	 -0.045713 
 0.194600 	 0.002052 	 -0.046156 
 0.194700 	 0.002047 	 -0.046597 
 0.194800 	 0.002043 	 -0.047036 
 0.194900 	 0.002038 	 -0.047475 
 0.195000 	 0.002033 	 -0.047913 
 0.195100 	 0.002028 	 -0.048350 
 0.195200 	 0.002024 	 -0.048785 
 0.195300 	 0.002019 	 -0.049219 
 0.195400 	 0.002014 	 -0.049652 
 0.195500 	 0.002009 	 -0.050084 
 0.195600 	 0.002004 	 -0.050515 
 0.195700 	 0.001999 	 -0.050945 
 0.195800 	 0.001994 	 -0.051373 
 0.195900 	 0.001988 	 -0.051800 
 0.196000 	 0.001983 	 -0.052226 
 0.196100 	 0.001978 	 -0.052651 
 0.196200 	 0.001973 	 -0.053074 
 0.196300 	 0.001967 	 -0.053497 
 0.196400 	 0.001962 	 -0.053918 
 0.196500 	 0.001957 	 -0.054337 
 0.196600 	 0.001951 	 -0.054756 
 0.196700 	 0.001946 	 -0.055173 
 0.196800 	 0.001940 	 -0.055588 
 0.196900 	 0.001934 	 -0.056003 
 0.197000 	 0.001929 	 -0.056416 
 0.197100 	 0.001923 	 -0.056828 
 0.197200 	 0.001917 	 -0.057238 
 0.197300 	 0.001912 	 -0.057647 
 0.197400 	 0.001906 	 -0.058055 
 0.197500 	 0.001900 	 -0.058461 
 0.197600 	 0.001894 	 -0.058866 
 0.197700 	 0.001888 	 -0.059270 
 0.197800 	 0.001882 	 -0.059672 
 0.197900 	 0.001876 	 -0.060073 
 0.198000 	 0.001870 	 -0.060472 
 0.198100 	 0.001864 	 -0.060870 
 0.198200 	 0.001858 	 -0.061266 
 0.198300 	 0.001852 	 -0.061661 
 0.198400 	 0.001846 	 -0.062054 
 0.198500 	 0.001840 	 -0.062446 
 0.198600 	 0.001833 	 -0.062837 
 0.198700 	 0.001827 	 -0.063226 
 0.198800 	 0.001821 	 -0.063613 
 0.198900 	 0.001814 	 -0.063999 
 0.199000 	 0.001808 	 -0.064384 
 0.199100 	 0.001801 	 -0.064766 
 0.199200 	 0.001795 	 -0.065148 
 0.199300 	 0.001788 	 -0.065527 
 0.199400 	 0.001782 	 -0.065906 
 0.199500 	 0.001775 	 -0.066282 
 0.199600 	 0.001769 	 -0.066657 
 0.199700 	 0.001762 	 -0.067031 
 0.199800 	 0.001755 	 -0.067402 
 0.199900 	 0.001748 	 -0.067773 
 0.200000 	 0.001742 	 -0.068141 
 0.200100 	 0.001735 	 -0.068508 
 0.200200 	 0.001728 	 -0.068873 
 0.200300 	 0.001721 	 -0.069237 
 0.200400 	 0.001714 	 -0.069599 
 0.200500 	 0.001707 	 -0.069959 
 0.200600 	 0.001700 	 -0.070318 
 0.200700 	 0.001693 	 -0.070675 
 0.200800 	 0.001686 	 -0.071030 
 0.200900 	 0.001679 	 -0.071384 
 0.201000 	 0.001672 	 -0.071735 
 0.201100 	 0.001665 	 -0.072085 
 0.201200 	 0.001657 	 -0.072434 
 0.201300 	 0.001650 	 -0.072780 
 0.201400 	 0.001643 	 -0.073125 
 0.201500 	 0.001635 	 -0.073468 
 0.201600 	 0.001628 	 -0.073810 
 0.201700 	 0.001621 	 -0.074149 
 0.201800 	 0.001613 	 -0.074487 
 0.201900 	 0.001606 	 -0.074823 
 0.202000 	 0.001598 	 -0.075157 
 0.202100 	 0.001591 	 -0.075489 
 0.202200 	 0.001583 	 -0.075820 
 0.202300 	 0.001576 	 -0.076149 
 0.202400 	 0.001568 	 -0.076475 
 0.202500 	 0.001560 	 -0.076800 
 0.202600 	 0.001553 	 -0.077124 
 0.202700 	 0.001545 	 -0.077445 
 0.202800 	 0.001537 	 -0.077764 
 0.202900 	 0.001529 	 -0.078082 
 0.203000 	 0.001521 	 -0.078398 
 0.203100 	 0.001514 	 -0.078711 
 0.203200 	 0.001506 	 -0.079023 
 0.203300 	 0.001498 	 -0.079333 
 0.203400 	 0.001490 	 -0.079641 
 0.203500 	 0.001482 	 -0.079947 
 0.203600 	 0.001474 	 -0.080251 
 0.203700 	 0.001466 	 -0.080554 
 0.203800 	 0.001458 	 -0.080854 
 0.203900 	 0.001450 	 -0.081152 
 0.204000 	 0.001442 	 -0.081449 
 0.204100 	 0.001433 	 -0.081743 
 0.204200 	 0.001425 	 -0.082036 
 0.204300 	 0.001417 	 -0.082326 
 0.204400 	 0.001409 	 -0.082614 
 0.204500 	 0.001400 	 -0.082901 
 0.204600 	 0.001392 	 -0.083185 
 0.204700 	 0.001384 	 -0.083468 
 0.204800 	 0.001375 	 -0.083748 
 0.204900 	 0.001367 	 -0.084026 
 0.205000 	 0.001359 	 -0.084303 
 0.205100 	 0.001350 	 -0.084577 
 0.205200 	 0.001342 	 -0.084849 
 0.205300 	 0.001333 	 -0.085120 
 0.205400 	 0.001325 	 -0.085388 
 0.205500 	 0.001316 	 -0.085654 
 0.205600 	 0.001308 	 -0.085918 
 0.205700 	 0.001299 	 -0.086180 
 0.205800 	 0.001290 	 -0.086439 
 0.205900 	 0.001282 	 -0.086697 
 0.206000 	 0.001273 	 -0.086953 
 0.206100 	 0.001264 	 -0.087206 
 0.206200 	 0.001256 	 -0.087458 
 0.206300 	 0.001247 	 -0.087707 
 0.206400 	 0.001238 	 -0.087954 
 0.206500 	 0.001229 	 -0.088199 
 0.206600 	 0.001220 	 -0.088442 
 0.206700 	 0.001211 	 -0.088683 
 0.206800 	 0.001203 	 -0.088921 
 0.206900 	 0.001194 	 -0.089158 
 0.207000 	 0.001185 	 -0.089392 
 0.207100 	 0.001176 	 -0.089624 
 0.207200 	 0.001167 	 -0.089854 
 0.207300 	 0.001158 	 -0.090081 
 0.207400 	 0.001149 	 -0.090307 
 0.207500 	 0.001140 	 -0.090530 
 0.207600 	 0.001131 	 -0.090751 
 0.207700 	 0.001122 	 -0.090970 
 0.207800 	 0.001113 	 -0.091187 
 0.207900 	 0.001103 	 -0.091401 
 0.208000 	 0.001094 	 -0.091614 
 0.208100 	 0.001085 	 -0.091824 
 0.208200 	 0.001076 	 -0.092032 
 0.208300 	 0.001067 	 -0.092237 
 0.208400 	 0.001057 	 -0.092440 
 0.208500 	 0.001048 	 -0.092642 
 0.208600 	 0.001039 	 -0.092840 
 0.208700 	 0.001030 	 -0.093037 
 0.208800 	 0.001020 	 -0.093231 
 0.208900 	 0.001011 	 -0.093423 
 0.209000 	 0.001002 	 -0.093613 
 0.209100 	 0.000992 	 -0.093801 
 0.209200 	 0.000983 	 -0.093986 
 0.209300 	 0.000973 	 -0.094169 
 0.209400 	 0.000964 	 -0.094349 
 0.209500 	 0.000955 	 -0.094528 
 0.209600 	 0.000945 	 -0.094704 
 0.209700 	 0.000936 	 -0.094877 
 0.209800 	 0.000926 	 -0.095049 
 0.209900 	 0.000917 	 -0.095218 
 0.210000 	 0.000907 	 -0.095385 
 0.210100 	 0.000898 	 -0.095549 
 0.210200 	 0.000888 	 -0.095711 
 0.210300 	 0.000878 	 -0.095871 
 0.210400 	 0.000869 	 -0.096028 
 0.210500 	 0.000859 	 -0.096184 
 0.210600 	 0.000850 	 -0.096336 
 0.210700 	 0.000840 	 -0.096487 
 0.210800 	 0.000830 	 -0.096635 
 0.210900 	 0.000821 	 -0.096781 
 0.211000 	 0.000811 	 -0.096924 
 0.211100 	 0.000801 	 -0.097065 
 0.211200 	 0.000792 	 -0.097204 
 0.211300 	 0.000782 	 -0.097340 
 0.211400 	 0.000772 	 -0.097474 
 0.211500 	 0.000762 	 -0.097605 
 0.211600 	 0.000753 	 -0.097734 
 0.211700 	 0.000743 	 -0.097861 
 0.211800 	 0.000733 	 -0.097985 
 0.211900 	 0.000723 	 -0.098107 
 0.212000 	 0.000713 	 -0.098227 
 0.212100 	 0.000704 	 -0.098344 
 0.212200 	 0.000694 	 -0.098459 
 0.212300 	 0.000684 	 -0.098571 
 0.212400 	 0.000674 	 -0.098681 
 0.212500 	 0.000664 	 -0.098789 
 0.212600 	 0.000654 	 -0.098894 
 0.212700 	 0.000644 	 -0.098997 
 0.212800 	 0.000634 	 -0.099097 
 0.212900 	 0.000624 	 -0.099195 
 0.213000 	 0.000615 	 -0.099291 
 0.213100 	 0.000605 	 -0.099384 
 0.213200 	 0.000595 	 -0.099474 
 0.213300 	 0.000585 	 -0.099563 
 0.213400 	 0.000575 	 -0.099649 
 0.213500 	 0.000565 	 -0.099732 
 0.213600 	 0.000555 	 -0.099813 
 0.213700 	 0.000545 	 -0.099891 
 0.213800 	 0.000535 	 -0.099967 
 0.213900 	 0.000525 	 -0.100041 
 0.214000 	 0.000515 	 -0.100112 
 0.214100 	 0.000505 	 -0.100181 
 0.214200 	 0.000495 	 -0.100247 
 0.214300 	 0.000485 	 -0.100311 
 0.214400 	 0.000475 	 -0.100373 
 0.214500 	 0.000465 	 -0.100432 
 0.214600 	 0.000455 	 -0.100488 
 0.214700 	 0.000445 	 -0.100542 
 0.214800 	 0.000435 	 -0.100594 
 0.214900 	 0.000424 	 -0.100643 
 0.215000 	 0.000414 	 -0.100689 
 0.215100 	 0.000404 	 -0.100734 
 0.215200 	 0.000394 	 -0.100775 
 0.215300 	 0.000384 	 -0.100815 
 0.215400 	 0.000374 	 -0.100852 
 0.215500 	 0.000364 	 -0.100886 
 0.215600 	 0.000354 	 -0.100918 
 0.215700 	 0.000344 	 -0.100947 
 0.215800 	 0.000334 	 -0.100974 
 0.215900 	 0.000324 	 -0.100999 
 0.216000 	 0.000314 	 -0.101021 
 0.216100 	 0.000303 	 -0.101040 
 0.216200 	 0.000293 	 -0.101058 
 0.216300 	 0.000283 	 -0.101072 
 0.216400 	 0.000273 	 -0.101084 
 0.216500 	 0.000263 	 -0.101094 
 0.216600 	 0.000253 	 -0.101101 
 0.216700 	 0.000243 	 -0.101106 
 0.216800 	 0.000233 	 -0.101108 
 0.216900 	 0.000223 	 -0.101108 
 0.217000 	 0.000212 	 -0.101106 
 0.217100 	 0.000202 	 -0.101101 
 0.217200 	 0.000192 	 -0.101093 
 0.217300 	 0.000182 	 -0.101083 
 0.217400 	 0.000172 	 -0.101070 
 0.217500 	 0.000162 	 -0.101055 
 0.217600 	 0.000152 	 -0.101038 
 0.217700 	 0.000142 	 -0.101018 
 0.217800 	 0.000132 	 -0.100996 
 0.217900 	 0.000122 	 -0.100971 
 0.218000 	 0.000111 	 -0.100943 
 0.218100 	 0.000101 	 -0.100914 
 0.218200 	 0.000091 	 -0.100881 
 0.218300 	 0.000081 	 -0.100847 
 0.218400 	 0.000071 	 -0.100809 
 0.218500 	 0.000061 	 -0.100770 
 0.218600 	 0.000051 	 -0.100728 
 0.218700 	 0.000041 	 -0.100683 
 0.218800 	 0.000031 	 -0.100636 
 0.218900 	 0.000021 	 -0.100587 
 0.219000 	 0.000011 	 -0.100535 
 0.219100 	 0.000001 	 -0.100480 
 0.219200 	 -0.000009 	 -0.100423 
 0.219300 	 -0.000019 	 -0.100364 
 0.219400 	 -0.000030 	 -0.100302 
 0.219500 	 -0.000040 	 -0.100238 
 0.219600 	 -0.000050 	 -0.100171 
 0.219700 	 -0.000060 	 -0.100102 
 0.219800 	 -0.000070 	 -0.100031 
 0.219900 	 -0.000080 	 -0.099957 
 0.220000 	 -0.000090 	 -0.099880 
 0.220100 	 -0.000100 	 -0.099801 
 0.220200 	 -0.000110 	 -0.099720 
 0.220300 	 -0.000119 	 -0.099636 
 0.220400 	 -0.000129 	 -0.099550 
 0.220500 	 -0.000139 	 -0.099461 
 0.220600 	 -0.000149 	 -0.099370 
 0.220700 	 -0.000159 	 -0.099277 
 0.220800 	 -0.000169 	 -0.099181 
 0.220900 	 -0.000179 	 -0.099082 
 0.221000 	 -0.000189 	 -0.098982 
 0.221100 	 -0.000199 	 -0.098878 
 0.221200 	 -0.000209 	 -0.098773 
 0.221300 	 -0.000219 	 -0.098665 
 0.221400 	 -0.000229 	 -0.098554 
 0.221500 	 -0.000238 	 -0.098441 
 0.221600 	 -0.000248 	 -0.098326 
 0.221700 	 -0.000258 	 -0.098209 
 0.221800 	 -0.000268 	 -0.098088 
 0.221900 	 -0.000278 	 -0.097966 
 0.222000 	 -0.000287 	 -0.097841 
 0.222100 	 -0.000297 	 -0.097714 
 0.222200 	 -0.000307 	 -0.097584 
 0.222300 	 -0.000317 	 -0.097452 
 0.222400 	 -0.000326 	 -0.097318 
 0.222500 	 -0.000336 	 -0.097181 
 0.222600 	 -0.000346 	 -0.097042 
 0.222700 	 -0.000356 	 -0.096900 
 0.222800 	 -0.000365 	 -0.096757 
 0.222900 	 -0.000375 	 -0.096610 
 0.223000 	 -0.000385 	 -0.096462 
 0.223100 	 -0.000394 	 -0.096311 
 0.223200 	 -0.000404 	 -0.096157 
 0.223300 	 -0.000413 	 -0.096002 
 0.223400 	 -0.000423 	 -0.095844 
 0.223500 	 -0.000433 	 -0.095683 
 0.223600 	 -0.000442 	 -0.095521 
 0.223700 	 -0.000452 	 -0.095356 
 0.223800 	 -0.000461 	 -0.095188 
 0.223900 	 -0.000471 	 -0.095019 
 0.224000 	 -0.000480 	 -0.094847 
 0.224100 	 -0.000490 	 -0.094672 
 0.224200 	 -0.000499 	 -0.094496 
 0.224300 	 -0.000509 	 -0.094317 
 0.224400 	 -0.000518 	 -0.094135 
 0.224500 	 -0.000528 	 -0.093952 
 0.224600 	 -0.000537 	 -0.093766 
 0.224700 	 -0.000546 	 -0.093578 
 0.224800 	 -0.000556 	 -0.093387 
 0.224900 	 -0.000565 	 -0.093195 
 0.225000 	 -0.000574 	 -0.093000 
 0.225100 	 -0.000584 	 -0.092802 
 0.225200 	 -0.000593 	 -0.092603 
 0.225300 	 -0.000602 	 -0.092401 
 0.225400 	 -0.000611 	 -0.092197 
 0.225500 	 -0.000620 	 -0.091991 
 0.225600 	 -0.000630 	 -0.091782 
 0.225700 	 -0.000639 	 -0.091571 
 0.225800 	 -0.000648 	 -0.091358 
 0.225900 	 -0.000657 	 -0.091143 
 0.226000 	 -0.000666 	 -0.090926 
 0.226100 	 -0.000675 	 -0.090706 
 0.226200 	 -0.000684 	 -0.090484 
 0.226300 	 -0.000693 	 -0.090260 
 0.226400 	 -0.000702 	 -0.090034 
 0.226500 	 -0.000711 	 -0.089805 
 0.226600 	 -0.000720 	 -0.089574 
 0.226700 	 -0.000729 	 -0.089341 
 0.226800 	 -0.000738 	 -0.089106 
 0.226900 	 -0.000747 	 -0.088869 
 0.227000 	 -0.000756 	 -0.088630 
 0.227100 	 -0.000765 	 -0.088388 
 0.227200 	 -0.000774 	 -0.088144 
 0.227300 	 -0.000782 	 -0.087898 
 0.227400 	 -0.000791 	 -0.087650 
 0.227500 	 -0.000800 	 -0.087400 
 0.227600 	 -0.000809 	 -0.087148 
 0.227700 	 -0.000817 	 -0.086893 
 0.227800 	 -0.000826 	 -0.086637 
 0.227900 	 -0.000835 	 -0.086378 
 0.228000 	 -0.000843 	 -0.086117 
 0.228100 	 -0.000852 	 -0.085854 
 0.228200 	 -0.000861 	 -0.085589 
 0.228300 	 -0.000869 	 -0.085322 
 0.228400 	 -0.000878 	 -0.085053 
 0.228500 	 -0.000886 	 -0.084782 
 0.228600 	 -0.000895 	 -0.084509 
 0.228700 	 -0.000903 	 -0.084233 
 0.228800 	 -0.000911 	 -0.083956 
 0.228900 	 -0.000920 	 -0.083676 
 0.229000 	 -0.000928 	 -0.083395 
 0.229100 	 -0.000937 	 -0.083111 
 0.229200 	 -0.000945 	 -0.082826 
 0.229300 	 -0.000953 	 -0.082538 
 0.229400 	 -0.000961 	 -0.082248 
 0.229500 	 -0.000970 	 -0.081957 
 0.229600 	 -0.000978 	 -0.081663 
 0.229700 	 -0.000986 	 -0.081368 
 0.229800 	 -0.000994 	 -0.081070 
 0.229900 	 -0.001002 	 -0.080771 
 0.230000 	 -0.001010 	 -0.080469 
 0.230100 	 -0.001018 	 -0.080166 
 0.230200 	 -0.001026 	 -0.079860 
 0.230300 	 -0.001034 	 -0.079553 
 0.230400 	 -0.001042 	 -0.079243 
 0.230500 	 -0.001050 	 -0.078932 
 0.230600 	 -0.001058 	 -0.078619 
 0.230700 	 -0.001066 	 -0.078304 
 0.230800 	 -0.001074 	 -0.077987 
 0.230900 	 -0.001081 	 -0.077668 
 0.231000 	 -0.001089 	 -0.077347 
 0.231100 	 -0.001097 	 -0.077024 
 0.231200 	 -0.001104 	 -0.076700 
 0.231300 	 -0.001112 	 -0.076373 
 0.231400 	 -0.001120 	 -0.076045 
 0.231500 	 -0.001127 	 -0.075715 
 0.231600 	 -0.001135 	 -0.075383 
 0.231700 	 -0.001142 	 -0.075049 
 0.231800 	 -0.001150 	 -0.074714 
 0.231900 	 -0.001157 	 -0.074376 
 0.232000 	 -0.001165 	 -0.074037 
 0.232100 	 -0.001172 	 -0.073696 
 0.232200 	 -0.001180 	 -0.073353 
 0.232300 	 -0.001187 	 -0.073008 
 0.232400 	 -0.001194 	 -0.072662 
 0.232500 	 -0.001201 	 -0.072314 
 0.232600 	 -0.001209 	 -0.071964 
 0.232700 	 -0.001216 	 -0.071612 
 0.232800 	 -0.001223 	 -0.071259 
 0.232900 	 -0.001230 	 -0.070903 
 0.233000 	 -0.001237 	 -0.070547 
 0.233100 	 -0.001244 	 -0.070188 
 0.233200 	 -0.001251 	 -0.069828 
 0.233300 	 -0.001258 	 -0.069466 
 0.233400 	 -0.001265 	 -0.069102 
 0.233500 	 -0.001272 	 -0.068737 
 0.233600 	 -0.001279 	 -0.068370 
 0.233700 	 -0.001286 	 -0.068001 
 0.233800 	 -0.001292 	 -0.067630 
 0.233900 	 -0.001299 	 -0.067258 
 0.234000 	 -0.001306 	 -0.066885 
 0.234100 	 -0.001312 	 -0.066510 
 0.234200 	 -0.001319 	 -0.066133 
 0.234300 	 -0.001326 	 -0.065754 
 0.234400 	 -0.001332 	 -0.065374 
 0.234500 	 -0.001339 	 -0.064993 
 0.234600 	 -0.001345 	 -0.064609 
 0.234700 	 -0.001352 	 -0.064224 
 0.234800 	 -0.001358 	 -0.063838 
 0.234900 	 -0.001364 	 -0.063450 
 0.235000 	 -0.001371 	 -0.063061 
 0.235100 	 -0.001377 	 -0.062670 
 0.235200 	 -0.001383 	 -0.062277 
 0.235300 	 -0.001390 	 -0.061883 
 0.235400 	 -0.001396 	 -0.061488 
 0.235500 	 -0.001402 	 -0.061091 
 0.235600 	 -0.001408 	 -0.060692 
 0.235700 	 -0.001414 	 -0.060292 
 0.235800 	 -0.001420 	 -0.059891 
 0.235900 	 -0.001426 	 -0.059488 
 0.236000 	 -0.001432 	 -0.059084 
 0.236100 	 -0.001438 	 -0.058678 
 0.236200 	 -0.001444 	 -0.058271 
 0.236300 	 -0.001449 	 -0.057862 
 0.236400 	 -0.001455 	 -0.057453 
 0.236500 	 -0.001461 	 -0.057041 
 0.236600 	 -0.001467 	 -0.056628 
 0.236700 	 -0.001472 	 -0.056214 
 0.236800 	 -0.001478 	 -0.055799 
 0.236900 	 -0.001483 	 -0.055382 
 0.237000 	 -0.001489 	 -0.054964 
 0.237100 	 -0.001494 	 -0.054545 
 0.237200 	 -0.001500 	 -0.054124 
 0.237300 	 -0.001505 	 -0.053702 
 0.237400 	 -0.001511 	 -0.053278 
 0.237500 	 -0.001516 	 -0.052854 
 0.237600 	 -0.001521 	 -0.052428 
 0.237700 	 -0.001526 	 -0.052001 
 0.237800 	 -0.001532 	 -0.051572 
 0.237900 	 -0.001537 	 -0.051142 
 0.238000 	 -0.001542 	 -0.050712 
 0.238100 	 -0.001547 	 -0.050279 
 0.238200 	 -0.001552 	 -0.049846 
 0.238300 	 -0.001557 	 -0.049411 
 0.238400 	 -0.001562 	 -0.048976 
 0.238500 	 -0.001567 	 -0.048539 
 0.238600 	 -0.001571 	 -0.048101 
 0.238700 	 -0.001576 	 -0.047661 
 0.238800 	 -0.001581 	 -0.047221 
 0.238900 	 -0.001586 	 -0.046780 
 0.239000 	 -0.001590 	 -0.046337 
 0.239100 	 -0.001595 	 -0.045893 
 0.239200 	 -0.001599 	 -0.045448 
 0.239300 	 -0.001604 	 -0.045002 
 0.239400 	 -0.001608 	 -0.044555 
 0.239500 	 -0.001613 	 -0.044107 
 0.239600 	 -0.001617 	 -0.043658 
 0.239700 	 -0.001622 	 -0.043208 
 0.239800 	 -0.001626 	 -0.042757 
 0.239900 	 -0.001630 	 -0.042304 
 0.240000 	 -0.001634 	 -0.041851 
 0.240100 	 -0.001639 	 -0.041397 
 0.240200 	 -0.001643 	 -0.040942 
 0.240300 	 -0.001647 	 -0.040485 
 0.240400 	 -0.001651 	 -0.040028 
 0.240500 	 -0.001655 	 -0.039570 
 0.240600 	 -0.001659 	 -0.039111 
 0.240700 	 -0.001663 	 -0.038651 
 0.240800 	 -0.001666 	 -0.038190 
 0.240900 	 -0.001670 	 -0.037728 
 0.241000 	 -0.001674 	 -0.037265 
 0.241100 	 -0.001678 	 -0.036802 
 0.241200 	 -0.001681 	 -0.036337 
 0.241300 	 -0.001685 	 -0.035872 
 0.241400 	 -0.001688 	 -0.035405 
 0.241500 	 -0.001692 	 -0.034938 
 0.241600 	 -0.001695 	 -0.034470 
 0.241700 	 -0.001699 	 -0.034002 
 0.241800 	 -0.001702 	 -0.033532 
 0.241900 	 -0.001706 	 -0.033062 
 0.242000 	 -0.001709 	 -0.032591 
 0.242100 	 -0.001712 	 -0.032119 
 0.242200 	 -0.001715 	 -0.031646 
 0.242300 	 -0.001718 	 -0.031173 
 0.242400 	 -0.001722 	 -0.030699 
 0.242500 	 -0.001725 	 -0.030224 
 0.242600 	 -0.001728 	 -0.029748 
 0.242700 	 -0.001731 	 -0.029272 
 0.242800 	 -0.001733 	 -0.028795 
 0.242900 	 -0.001736 	 -0.028318 
 0.243000 	 -0.001739 	 -0.027839 
 0.243100 	 -0.001742 	 -0.027360 
 0.243200 	 -0.001745 	 -0.026881 
 0.243300 	 -0.001747 	 -0.026401 
 0.243400 	 -0.001750 	 -0.025920 
 0.243500 	 -0.001752 	 -0.025438 
 0.243600 	 -0.001755 	 -0.024956 
 0.243700 	 -0.001757 	 -0.024474 
 0.243800 	 -0.001760 	 -0.023991 
 0.243900 	 -0.001762 	 -0.023507 
 0.244000 	 -0.001765 	 -0.023023 
 0.244100 	 -0.001767 	 -0.022538 
 0.244200 	 -0.001769 	 -0.022053 
 0.244300 	 -0.001771 	 -0.021567 
 0.244400 	 -0.001773 	 -0.021080 
 0.244500 	 -0.001775 	 -0.020594 
 0.244600 	 -0.001777 	 -0.020106 
 0.244700 	 -0.001779 	 -0.019619 
 0.244800 	 -0.001781 	 -0.019131 
 0.244900 	 -0.001783 	 -0.018642 
 0.245000 	 -0.001785 	 -0.018153 
 0.245100 	 -0.001787 	 -0.017663 
 0.245200 	 -0.001789 	 -0.017174 
 0.245300 	 -0.001790 	 -0.016683 
 0.245400 	 -0.001792 	 -0.016193 
 0.245500 	 -0.001794 	 -0.015702 
 0.245600 	 -0.001795 	 -0.015211 
 0.245700 	 -0.001797 	 -0.014719 
 0.245800 	 -0.001798 	 -0.014227 
 0.245900 	 -0.001799 	 -0.013735 
 0.246000 	 -0.001801 	 -0.013242 
 0.246100 	 -0.001802 	 -0.012749 
 0.246200 	 -0.001803 	 -0.012256 
 0.246300 	 -0.001805 	 -0.011763 
 0.246400 	 -0.001806 	 -0.011269 
 0.246500 	 -0.001807 	 -0.010775 
 0.246600 	 -0.001808 	 -0.010281 
 0.246700 	 -0.001809 	 -0.009787 
 0.246800 	 -0.001810 	 -0.009292 
 0.246900 	 -0.001811 	 -0.008797 
 0.247000 	 -0.001812 	 -0.008302 
 0.247100 	 -0.001812 	 -0.007807 
 0.247200 	 -0.001813 	 -0.007312 
 0.247300 	 -0.001814 	 -0.006817 
 0.247400 	 -0.001815 	 -0.006321 
 0.247500 	 -0.001815 	 -0.005826 
 0.247600 	 -0.001816 	 -0.005330 
 0.247700 	 -0.001816 	 -0.004834 
 0.247800 	 -0.001817 	 -0.004338 
 0.247900 	 -0.001817 	 -0.003842 
 0.248000 	 -0.001817 	 -0.003346 
 0.248100 	 -0.001818 	 -0.002850 
 0.248200 	 -0.001818 	 -0.002354 
 0.248300 	 -0.001818 	 -0.001858 
 0.248400 	 -0.001818 	 -0.001362 
 0.248500 	 -0.001818 	 -0.000866 
 0.248600 	 -0.001819 	 -0.000370 
 0.248700 	 -0.001819 	 0.000126 
 0.248800 	 -0.001819 	 0.000622 
 0.248900 	 -0.001818 	 0.001118 
 0.249000 	 -0.001818 	 0.001614 
 0.249100 	 -0.001818 	 0.002110 
 0.249200 	 -0.001818 	 0.002605 
 0.249300 	 -0.001818 	 0.003101 
 0.249400 	 -0.001817 	 0.003597 
 0.249500 	 -0.001817 	 0.004092 
 0.249600 	 -0.001816 	 0.004587 
 0.249700 	 -0.001816 	 0.005082 
 0.249800 	 -0.001815 	 0.005577 
 0.249900 	 -0.001815 	 0.006072 
 0.250000 	 -0.001814 	 0.006566 
 0.250100 	 -0.001814 	 0.007060 
 0.250200 	 -0.001813 	 0.007554 
 0.250300 	 -0.001812 	 0.008048 
 0.250400 	 -0.001811 	 0.008542 
 0.250500 	 -0.001810 	 0.009035 
 0.250600 	 -0.001809 	 0.009528 
 0.250700 	 -0.001808 	 0.010021 
 0.250800 	 -0.001807 	 0.010514 
 0.250900 	 -0.001806 	 0.011006 
 0.251000 	 -0.001805 	 0.011498 
 0.251100 	 -0.001804 	 0.011989 
 0.251200 	 -0.001803 	 0.012480 
