 0.000000 	 0.000000 	 0.000000 
 0.000100 	 0.000000 	 0.000048 
 0.000200 	 0.000000 	 0.000187 
 0.000300 	 0.000000 	 0.000408 
 0.000400 	 0.000000 	 0.000703 
 0.000500 	 0.000000 	 0.001065 
 0.000600 	 0.000000 	 0.001487 
 0.000700 	 0.000000 	 0.001964 
 0.000800 	 0.000001 	 0.002491 
 0.000900 	 0.000001 	 0.003061 
 0.001000 	 0.000001 	 0.003672 
 0.001100 	 0.000002 	 0.004320 
 0.001200 	 0.000002 	 0.005000 
 0.001300 	 0.000003 	 0.005709 
 0.001400 	 0.000003 	 0.006444 
 0.001500 	 0.000004 	 0.007203 
 0.001600 	 0.000005 	 0.007983 
 0.001700 	 0.000006 	 0.008783 
 0.001800 	 0.000007 	 0.009599 
 0.001900 	 0.000008 	 0.010430 
 0.002000 	 0.000009 	 0.011274 
 0.002100 	 0.000010 	 0.012131 
 0.002200 	 0.000011 	 0.012997 
 0.002300 	 0.000012 	 0.013873 
 0.002400 	 0.000014 	 0.014757 
 0.002500 	 0.000015 	 0.015648 
 0.002600 	 0.000017 	 0.016545 
 0.002700 	 0.000019 	 0.017446 
 0.002800 	 0.000020 	 0.018352 
 0.002900 	 0.000022 	 0.019262 
 0.003000 	 0.000024 	 0.020174 
 0.003100 	 0.000026 	 0.021089 
 0.003200 	 0.000029 	 0.022005 
 0.003300 	 0.000031 	 0.022922 
 0.003400 	 0.000033 	 0.023840 
 0.003500 	 0.000036 	 0.024757 
 0.003600 	 0.000038 	 0.025675 
 0.003700 	 0.000041 	 0.026592 
 0.003800 	 0.000043 	 0.027507 
 0.003900 	 0.000046 	 0.028422 
 0.004000 	 0.000049 	 0.029334 
 0.004100 	 0.000052 	 0.030245 
 0.004200 	 0.000055 	 0.031153 
 0.004300 	 0.000058 	 0.032059 
 0.004400 	 0.000062 	 0.032962 
 0.004500 	 0.000065 	 0.033863 
 0.004600 	 0.000068 	 0.034760 
 0.004700 	 0.000072 	 0.035653 
 0.004800 	 0.000075 	 0.036543 
 0.004900 	 0.000079 	 0.037429 
 0.005000 	 0.000083 	 0.038311 
 0.005100 	 0.000087 	 0.039190 
 0.005200 	 0.000091 	 0.040063 
 0.005300 	 0.000095 	 0.040933 
 0.005400 	 0.000099 	 0.041798 
 0.005500 	 0.000103 	 0.042658 
 0.005600 	 0.000107 	 0.043514 
 0.005700 	 0.000112 	 0.044364 
 0.005800 	 0.000116 	 0.045210 
 0.005900 	 0.000121 	 0.046050 
 0.006000 	 0.000126 	 0.046885 
 0.006100 	 0.000130 	 0.047715 
 0.006200 	 0.000135 	 0.048539 
 0.006300 	 0.000140 	 0.049358 
 0.006400 	 0.000145 	 0.050170 
 0.006500 	 0.000150 	 0.050977 
 0.006600 	 0.000155 	 0.051779 
 0.006700 	 0.000160 	 0.052574 
 0.006800 	 0.000166 	 0.053363 
 0.006900 	 0.000171 	 0.054146 
 0.007000 	 0.000176 	 0.054922 
 0.007100 	 0.000182 	 0.055693 
 0.007200 	 0.000188 	 0.056456 
 0.007300 	 0.000193 	 0.057214 
 0.007400 	 0.000199 	 0.057964 
 0.007500 	 0.000205 	 0.058708 
 0.007600 	 0.000211 	 0.059446 
 0.007700 	 0.000217 	 0.060176 
 0.007800 	 0.000223 	 0.060900 
 0.007900 	 0.000229 	 0.061616 
 0.008000 	 0.000235 	 0.062325 
 0.008100 	 0.000241 	 0.063028 
 0.008200 	 0.000248 	 0.063723 
 0.008300 	 0.000254 	 0.064411 
 0.008400 	 0.000261 	 0.065091 
 0.008500 	 0.000267 	 0.065764 
 0.008600 	 0.000274 	 0.066429 
 0.008700 	 0.000280 	 0.067087 
 0.008800 	 0.000287 	 0.067738 
 0.008900 	 0.000294 	 0.068380 
 0.009000 	 0.000301 	 0.069015 
 0.009100 	 0.000308 	 0.069642 
 0.009200 	 0.000315 	 0.070261 
 0.009300 	 0.000322 	 0.070872 
 0.009400 	 0.000329 	 0.071475 
 0.009500 	 0.000336 	 0.072070 
 0.009600 	 0.000343 	 0.072657 
 0.009700 	 0.000351 	 0.073236 
 0.009800 	 0.000358 	 0.073806 
 0.009900 	 0.000365 	 0.074368 
 0.010000 	 0.000373 	 0.074922 
 0.010100 	 0.000380 	 0.075467 
 0.010200 	 0.000388 	 0.076004 
 0.010300 	 0.000396 	 0.076533 
 0.010400 	 0.000403 	 0.077052 
 0.010500 	 0.000411 	 0.077564 
 0.010600 	 0.000419 	 0.078066 
 0.010700 	 0.000427 	 0.078560 
 0.010800 	 0.000435 	 0.079045 
 0.010900 	 0.000442 	 0.079521 
 0.011000 	 0.000450 	 0.079988 
 0.011100 	 0.000458 	 0.080446 
 0.011200 	 0.000467 	 0.080896 
 0.011300 	 0.000475 	 0.081336 
 0.011400 	 0.000483 	 0.081767 
 0.011500 	 0.000491 	 0.082190 
 0.011600 	 0.000499 	 0.082603 
 0.011700 	 0.000508 	 0.083007 
 0.011800 	 0.000516 	 0.083401 
 0.011900 	 0.000524 	 0.083787 
 0.012000 	 0.000533 	 0.084163 
 0.012100 	 0.000541 	 0.084530 
 0.012200 	 0.000550 	 0.084887 
 0.012300 	 0.000558 	 0.085235 
 0.012400 	 0.000567 	 0.085574 
 0.012500 	 0.000575 	 0.085903 
 0.012600 	 0.000584 	 0.086223 
 0.012700 	 0.000592 	 0.086533 
 0.012800 	 0.000601 	 0.086833 
 0.012900 	 0.000610 	 0.087124 
 0.013000 	 0.000618 	 0.087406 
 0.013100 	 0.000627 	 0.087677 
 0.013200 	 0.000636 	 0.087939 
 0.013300 	 0.000645 	 0.088192 
 0.013400 	 0.000654 	 0.088434 
 0.013500 	 0.000663 	 0.088667 
 0.013600 	 0.000671 	 0.088890 
 0.013700 	 0.000680 	 0.089104 
 0.013800 	 0.000689 	 0.089307 
 0.013900 	 0.000698 	 0.089501 
 0.014000 	 0.000707 	 0.089685 
 0.014100 	 0.000716 	 0.089859 
 0.014200 	 0.000725 	 0.090023 
 0.014300 	 0.000734 	 0.090177 
 0.014400 	 0.000743 	 0.090321 
 0.014500 	 0.000752 	 0.090456 
 0.014600 	 0.000761 	 0.090580 
 0.014700 	 0.000770 	 0.090695 
 0.014800 	 0.000779 	 0.090799 
 0.014900 	 0.000788 	 0.090894 
 0.015000 	 0.000798 	 0.090978 
 0.015100 	 0.000807 	 0.091053 
 0.015200 	 0.000816 	 0.091118 
 0.015300 	 0.000825 	 0.091172 
 0.015400 	 0.000834 	 0.091217 
 0.015500 	 0.000843 	 0.091251 
 0.015600 	 0.000852 	 0.091276 
 0.015700 	 0.000861 	 0.091291 
 0.015800 	 0.000870 	 0.091295 
 0.015900 	 0.000880 	 0.091290 
 0.016000 	 0.000889 	 0.091274 
 0.016100 	 0.000898 	 0.091249 
 0.016200 	 0.000907 	 0.091214 
 0.016300 	 0.000916 	 0.091168 
 0.016400 	 0.000925 	 0.091113 
 0.016500 	 0.000934 	 0.091047 
 0.016600 	 0.000943 	 0.090972 
 0.016700 	 0.000953 	 0.090887 
 0.016800 	 0.000962 	 0.090791 
 0.016900 	 0.000971 	 0.090686 
 0.017000 	 0.000980 	 0.090571 
 0.017100 	 0.000989 	 0.090446 
 0.017200 	 0.000998 	 0.090311 
 0.017300 	 0.001007 	 0.090166 
 0.017400 	 0.001016 	 0.090011 
 0.017500 	 0.001025 	 0.089846 
 0.017600 	 0.001034 	 0.089672 
 0.017700 	 0.001043 	 0.089487 
 0.017800 	 0.001052 	 0.089293 
 0.017900 	 0.001061 	 0.089089 
 0.018000 	 0.001070 	 0.088875 
 0.018100 	 0.001078 	 0.088652 
 0.018200 	 0.001087 	 0.088419 
 0.018300 	 0.001096 	 0.088176 
 0.018400 	 0.001105 	 0.087923 
 0.018500 	 0.001114 	 0.087661 
 0.018600 	 0.001122 	 0.087389 
 0.018700 	 0.001131 	 0.087108 
 0.018800 	 0.001140 	 0.086817 
 0.018900 	 0.001149 	 0.086516 
 0.019000 	 0.001157 	 0.086206 
 0.019100 	 0.001166 	 0.085887 
 0.019200 	 0.001174 	 0.085558 
 0.019300 	 0.001183 	 0.085219 
 0.019400 	 0.001191 	 0.084872 
 0.019500 	 0.001200 	 0.084515 
 0.019600 	 0.001208 	 0.084148 
 0.019700 	 0.001217 	 0.083773 
 0.019800 	 0.001225 	 0.083388 
 0.019900 	 0.001233 	 0.082994 
 0.020000 	 0.001242 	 0.082591 
 0.020100 	 0.001250 	 0.082178 
 0.020200 	 0.001258 	 0.081757 
 0.020300 	 0.001266 	 0.081327 
 0.020400 	 0.001274 	 0.080887 
 0.020500 	 0.001282 	 0.080439 
 0.020600 	 0.001290 	 0.079982 
 0.020700 	 0.001298 	 0.079516 
 0.020800 	 0.001306 	 0.079041 
 0.020900 	 0.001314 	 0.078558 
 0.021000 	 0.001322 	 0.078066 
 0.021100 	 0.001330 	 0.077565 
 0.021200 	 0.001338 	 0.077055 
 0.021300 	 0.001345 	 0.076537 
 0.021400 	 0.001353 	 0.076011 
 0.021500 	 0.001360 	 0.075476 
 0.021600 	 0.001368 	 0.074933 
 0.021700 	 0.001375 	 0.074381 
 0.021800 	 0.001383 	 0.073822 
 0.021900 	 0.001390 	 0.073254 
 0.022000 	 0.001397 	 0.072677 
 0.022100 	 0.001405 	 0.072093 
 0.022200 	 0.001412 	 0.071501 
 0.022300 	 0.001419 	 0.070900 
 0.022400 	 0.001426 	 0.070292 
 0.022500 	 0.001433 	 0.069676 
 0.022600 	 0.001440 	 0.069052 
 0.022700 	 0.001447 	 0.068421 
 0.022800 	 0.001454 	 0.067782 
 0.022900 	 0.001460 	 0.067135 
 0.023000 	 0.001467 	 0.066480 
 0.023100 	 0.001474 	 0.065819 
 0.023200 	 0.001480 	 0.065149 
 0.023300 	 0.001487 	 0.064473 
 0.023400 	 0.001493 	 0.063789 
 0.023500 	 0.001500 	 0.063098 
 0.023600 	 0.001506 	 0.062400 
 0.023700 	 0.001512 	 0.061695 
 0.023800 	 0.001518 	 0.060982 
 0.023900 	 0.001524 	 0.060263 
 0.024000 	 0.001530 	 0.059537 
 0.024100 	 0.001536 	 0.058805 
 0.024200 	 0.001542 	 0.058065 
 0.024300 	 0.001548 	 0.057319 
 0.024400 	 0.001553 	 0.056567 
 0.024500 	 0.001559 	 0.055808 
 0.024600 	 0.001565 	 0.055043 
 0.024700 	 0.001570 	 0.054271 
 0.024800 	 0.001575 	 0.053493 
 0.024900 	 0.001581 	 0.052709 
 0.025000 	 0.001586 	 0.051919 
 0.025100 	 0.001591 	 0.051123 
 0.025200 	 0.001596 	 0.050321 
 0.025300 	 0.001601 	 0.049513 
 0.025400 	 0.001606 	 0.048699 
 0.025500 	 0.001611 	 0.047880 
 0.025600 	 0.001616 	 0.047055 
 0.025700 	 0.001620 	 0.046225 
 0.025800 	 0.001625 	 0.045389 
 0.025900 	 0.001629 	 0.044548 
 0.026000 	 0.001634 	 0.043701 
 0.026100 	 0.001638 	 0.042850 
 0.026200 	 0.001642 	 0.041993 
 0.026300 	 0.001647 	 0.041132 
 0.026400 	 0.001651 	 0.040265 
 0.026500 	 0.001655 	 0.039394 
 0.026600 	 0.001659 	 0.038518 
 0.026700 	 0.001662 	 0.037637 
 0.026800 	 0.001666 	 0.036752 
 0.026900 	 0.001670 	 0.035862 
 0.027000 	 0.001673 	 0.034968 
 0.027100 	 0.001677 	 0.034070 
 0.027200 	 0.001680 	 0.033167 
 0.027300 	 0.001683 	 0.032261 
 0.027400 	 0.001686 	 0.031350 
 0.027500 	 0.001690 	 0.030435 
 0.027600 	 0.001693 	 0.029517 
 0.027700 	 0.001695 	 0.028595 
 0.027800 	 0.001698 	 0.027669 
 0.027900 	 0.001701 	 0.026740 
 0.028000 	 0.001704 	 0.025807 
 0.028100 	 0.001706 	 0.024871 
 0.028200 	 0.001709 	 0.023932 
 0.028300 	 0.001711 	 0.022989 
 0.028400 	 0.001713 	 0.022043 
 0.028500 	 0.001715 	 0.021095 
 0.028600 	 0.001717 	 0.020143 
 0.028700 	 0.001719 	 0.019189 
 0.028800 	 0.001721 	 0.018232 
 0.028900 	 0.001723 	 0.017273 
 0.029000 	 0.001725 	 0.016311 
 0.029100 	 0.001726 	 0.015346 
 0.029200 	 0.001728 	 0.014379 
 0.029300 	 0.001729 	 0.013410 
 0.029400 	 0.001730 	 0.012439 
 0.029500 	 0.001732 	 0.011466 
 0.029600 	 0.001733 	 0.010491 
 0.029700 	 0.001734 	 0.009514 
 0.029800 	 0.001735 	 0.008536 
 0.029900 	 0.001735 	 0.007556 
 0.030000 	 0.001736 	 0.006574 
 0.030100 	 0.001737 	 0.005591 
 0.030200 	 0.001737 	 0.004607 
 0.030300 	 0.001738 	 0.003621 
 0.030400 	 0.001738 	 0.002634 
 0.030500 	 0.001738 	 0.001647 
 0.030600 	 0.001738 	 0.000658 
 0.030700 	 0.001738 	 -0.000332 
 0.030800 	 0.001738 	 -0.001322 
 0.030900 	 0.001738 	 -0.002313 
 0.031000 	 0.001738 	 -0.003304 
 0.031100 	 0.001737 	 -0.004296 
 0.031200 	 0.001737 	 -0.005288 
 0.031300 	 0.001736 	 -0.006280 
 0.031400 	 0.001736 	 -0.007273 
 0.031500 	 0.001735 	 -0.008265 
 0.031600 	 0.001734 	 -0.009258 
 0.031700 	 0.001733 	 -0.010250 
 0.031800 	 0.001732 	 -0.011242 
 0.031900 	 0.001731 	 -0.012233 
 0.032000 	 0.001730 	 -0.013224 
 0.032100 	 0.001728 	 -0.014215 
 0.032200 	 0.001727 	 -0.015205 
 0.032300 	 0.001725 	 -0.016194 
 0.032400 	 0.001723 	 -0.017182 
 0.032500 	 0.001722 	 -0.018169 
 0.032600 	 0.001720 	 -0.019156 
 0.032700 	 0.001718 	 -0.020140 
 0.032800 	 0.001716 	 -0.021124 
 0.032900 	 0.001714 	 -0.022107 
 0.033000 	 0.001711 	 -0.023087 
 0.033100 	 0.001709 	 -0.024067 
 0.033200 	 0.001707 	 -0.025044 
 0.033300 	 0.001704 	 -0.026020 
 0.033400 	 0.001701 	 -0.026994 
 0.033500 	 0.001699 	 -0.027966 
 0.033600 	 0.001696 	 -0.028936 
 0.033700 	 0.001693 	 -0.029904 
 0.033800 	 0.001690 	 -0.030869 
 0.033900 	 0.001687 	 -0.031833 
 0.034000 	 0.001683 	 -0.032793 
 0.034100 	 0.001680 	 -0.033752 
 0.034200 	 0.001677 	 -0.034707 
 0.034300 	 0.001673 	 -0.035660 
 0.034400 	 0.001670 	 -0.036610 
 0.034500 	 0.001666 	 -0.037557 
 0.034600 	 0.001662 	 -0.038501 
 0.034700 	 0.001658 	 -0.039442 
 0.034800 	 0.001654 	 -0.040380 
 0.034900 	 0.001650 	 -0.041314 
 0.035000 	 0.001646 	 -0.042245 
 0.035100 	 0.001642 	 -0.043172 
 0.035200 	 0.001637 	 -0.044096 
 0.035300 	 0.001633 	 -0.045016 
 0.035400 	 0.001628 	 -0.045933 
 0.035500 	 0.001624 	 -0.046845 
 0.035600 	 0.001619 	 -0.047754 
 0.035700 	 0.001614 	 -0.048658 
 0.035800 	 0.001609 	 -0.049559 
 0.035900 	 0.001604 	 -0.050455 
 0.036000 	 0.001599 	 -0.051347 
 0.036100 	 0.001594 	 -0.052234 
 0.036200 	 0.001589 	 -0.053117 
 0.036300 	 0.001583 	 -0.053995 
 0.036400 	 0.001578 	 -0.054869 
 0.036500 	 0.001572 	 -0.055737 
 0.036600 	 0.001567 	 -0.056601 
 0.036700 	 0.001561 	 -0.057460 
 0.036800 	 0.001555 	 -0.058314 
 0.036900 	 0.001549 	 -0.059163 
 0.037000 	 0.001543 	 -0.060007 
 0.037100 	 0.001537 	 -0.060845 
 0.037200 	 0.001531 	 -0.061678 
 0.037300 	 0.001525 	 -0.062506 
 0.037400 	 0.001519 	 -0.063328 
 0.037500 	 0.001512 	 -0.064144 
 0.037600 	 0.001506 	 -0.064955 
 0.037700 	 0.001499 	 -0.065759 
 0.037800 	 0.001493 	 -0.066558 
 0.037900 	 0.001486 	 -0.067351 
 0.038000 	 0.001479 	 -0.068138 
 0.038100 	 0.001472 	 -0.068919 
 0.038200 	 0.001465 	 -0.069694 
 0.038300 	 0.001458 	 -0.070462 
 0.038400 	 0.001451 	 -0.071224 
 0.038500 	 0.001444 	 -0.071980 
 0.038600 	 0.001437 	 -0.072729 
 0.038700 	 0.001430 	 -0.073472 
 0.038800 	 0.001422 	 -0.074208 
 0.038900 	 0.001415 	 -0.074937 
 0.039000 	 0.001407 	 -0.075659 
 0.039100 	 0.001400 	 -0.076375 
 0.039200 	 0.001392 	 -0.077083 
 0.039300 	 0.001384 	 -0.077785 
 0.039400 	 0.001376 	 -0.078480 
 0.039500 	 0.001369 	 -0.079167 
 0.039600 	 0.001361 	 -0.079847 
 0.039700 	 0.001353 	 -0.080520 
 0.039800 	 0.001344 	 -0.081185 
 0.039900 	 0.001336 	 -0.081843 
 0.040000 	 0.001328 	 -0.082494 
 0.040100 	 0.001320 	 -0.083137 
 0.040200 	 0.001311 	 -0.083772 
 0.040300 	 0.001303 	 -0.084400 
 0.040400 	 0.001295 	 -0.085020 
 0.040500 	 0.001286 	 -0.085632 
 0.040600 	 0.001277 	 -0.086236 
 0.040700 	 0.001269 	 -0.086832 
 0.040800 	 0.001260 	 -0.087420 
 0.040900 	 0.001251 	 -0.088001 
 0.041000 	 0.001243 	 -0.088573 
 0.041100 	 0.001234 	 -0.089137 
 0.041200 	 0.001225 	 -0.089692 
 0.041300 	 0.001216 	 -0.090240 
 0.041400 	 0.001207 	 -0.090779 
 0.041500 	 0.001198 	 -0.091309 
 0.041600 	 0.001188 	 -0.091832 
 0.041700 	 0.001179 	 -0.092345 
 0.041800 	 0.001170 	 -0.092850 
 0.041900 	 0.001161 	 -0.093347 
 0.042000 	 0.001151 	 -0.093835 
 0.042100 	 0.001142 	 -0.094314 
 0.042200 	 0.001132 	 -0.094784 
 0.042300 	 0.001123 	 -0.095246 
 0.042400 	 0.001113 	 -0.095699 
 0.042500 	 0.001104 	 -0.096143 
 0.042600 	 0.001094 	 -0.096577 
 0.042700 	 0.001084 	 -0.097003 
 0.042800 	 0.001075 	 -0.097420 
 0.042900 	 0.001065 	 -0.097828 
 0.043000 	 0.001055 	 -0.098227 
 0.043100 	 0.001045 	 -0.098616 
 0.043200 	 0.001035 	 -0.098997 
 0.043300 	 0.001025 	 -0.099368 
 0.043400 	 0.001016 	 -0.099730 
 0.043500 	 0.001006 	 -0.100082 
 0.043600 	 0.000996 	 -0.100425 
 0.043700 	 0.000985 	 -0.100759 
 0.043800 	 0.000975 	 -0.101084 
 0.043900 	 0.000965 	 -0.101398 
 0.044000 	 0.000955 	 -0.101704 
 0.044100 	 0.000945 	 -0.102000 
 0.044200 	 0.000935 	 -0.102286 
 0.044300 	 0.000924 	 -0.102563 
 0.044400 	 0.000914 	 -0.102830 
 0.044500 	 0.000904 	 -0.103088 
 0.044600 	 0.000894 	 -0.103336 
 0.044700 	 0.000883 	 -0.103574 
 0.044800 	 0.000873 	 -0.103803 
 0.044900 	 0.000862 	 -0.104022 
 0.045000 	 0.000852 	 -0.104231 
 0.045100 	 0.000842 	 -0.104430 
 0.045200 	 0.000831 	 -0.104620 
 0.045300 	 0.000821 	 -0.104800 
 0.045400 	 0.000810 	 -0.104970 
 0.045500 	 0.000800 	 -0.105130 
 0.045600 	 0.000789 	 -0.105280 
 0.045700 	 0.000779 	 -0.105420 
 0.045800 	 0.000768 	 -0.105551 
 0.045900 	 0.000758 	 -0.105671 
 0.046000 	 0.000747 	 -0.105782 
 0.046100 	 0.000736 	 -0.105883 
 0.046200 	 0.000726 	 -0.105973 
 0.046300 	 0.000715 	 -0.106054 
 0.046400 	 0.000705 	 -0.106125 
 0.046500 	 0.000694 	 -0.106186 
 0.046600 	 0.000683 	 -0.106237 
 0.046700 	 0.000673 	 -0.106278 
 0.046800 	 0.000662 	 -0.106309 
 0.046900 	 0.000651 	 -0.106330 
 0.047000 	 0.000641 	 -0.106341 
 0.047100 	 0.000630 	 -0.106342 
 0.047200 	 0.000620 	 -0.106333 
 0.047300 	 0.000609 	 -0.106314 
 0.047400 	 0.000598 	 -0.106285 
 0.047500 	 0.000588 	 -0.106246 
 0.047600 	 0.000577 	 -0.106197 
 0.047700 	 0.000566 	 -0.106138 
 0.047800 	 0.000556 	 -0.106069 
 0.047900 	 0.000545 	 -0.105990 
 0.048000 	 0.000535 	 -0.105901 
 0.048100 	 0.000524 	 -0.105802 
 0.048200 	 0.000513 	 -0.105693 
 0.048300 	 0.000503 	 -0.105575 
 0.048400 	 0.000492 	 -0.105446 
 0.048500 	 0.000482 	 -0.105308 
 0.048600 	 0.000471 	 -0.105159 
 0.048700 	 0.000461 	 -0.105001 
 0.048800 	 0.000450 	 -0.104833 
 0.048900 	 0.000440 	 -0.104655 
 0.049000 	 0.000429 	 -0.104467 
 0.049100 	 0.000419 	 -0.104269 
 0.049200 	 0.000408 	 -0.104061 
 0.049300 	 0.000398 	 -0.103844 
 0.049400 	 0.000388 	 -0.103617 
 0.049500 	 0.000377 	 -0.103380 
 0.049600 	 0.000367 	 -0.103134 
 0.049700 	 0.000357 	 -0.102878 
 0.049800 	 0.000346 	 -0.102612 
 0.049900 	 0.000336 	 -0.102336 
 0.050000 	 0.000326 	 -0.102051 
 0.050100 	 0.000316 	 -0.101757 
 0.050200 	 0.000306 	 -0.101452 
 0.050300 	 0.000296 	 -0.101139 
 0.050400 	 0.000285 	 -0.100815 
 0.050500 	 0.000275 	 -0.100483 
 0.050600 	 0.000265 	 -0.100141 
 0.050700 	 0.000255 	 -0.099789 
 0.050800 	 0.000245 	 -0.099428 
 0.050900 	 0.000235 	 -0.099058 
 0.051000 	 0.000226 	 -0.098678 
 0.051100 	 0.000216 	 -0.098290 
 0.051200 	 0.000206 	 -0.097892 
 0.051300 	 0.000196 	 -0.097485 
 0.051400 	 0.000186 	 -0.097068 
 0.051500 	 0.000177 	 -0.096643 
 0.051600 	 0.000167 	 -0.096208 
 0.051700 	 0.000157 	 -0.095765 
 0.051800 	 0.000148 	 -0.095313 
 0.051900 	 0.000138 	 -0.094851 
 0.052000 	 0.000129 	 -0.094381 
 0.052100 	 0.000120 	 -0.093902 
 0.052200 	 0.000110 	 -0.093414 
 0.052300 	 0.000101 	 -0.092918 
 0.052400 	 0.000092 	 -0.092413 
 0.052500 	 0.000082 	 -0.091899 
 0.052600 	 0.000073 	 -0.091376 
 0.052700 	 0.000064 	 -0.090845 
 0.052800 	 0.000055 	 -0.090306 
 0.052900 	 0.000046 	 -0.089758 
 0.053000 	 0.000037 	 -0.089202 
 0.053100 	 0.000028 	 -0.088637 
 0.053200 	 0.000019 	 -0.088064 
 0.053300 	 0.000011 	 -0.087483 
 0.053400 	 0.000002 	 -0.086894 
 0.053500 	 -0.000007 	 -0.086297 
 0.053600 	 -0.000015 	 -0.085692 
 0.053700 	 -0.000024 	 -0.085078 
 0.053800 	 -0.000032 	 -0.084457 
 0.053900 	 -0.000041 	 -0.083828 
 0.054000 	 -0.000049 	 -0.083191 
 0.054100 	 -0.000057 	 -0.082547 
 0.054200 	 -0.000066 	 -0.081895 
 0.054300 	 -0.000074 	 -0.081235 
 0.054400 	 -0.000082 	 -0.080568 
 0.054500 	 -0.000090 	 -0.079893 
 0.054600 	 -0.000098 	 -0.079211 
 0.054700 	 -0.000106 	 -0.078521 
 0.054800 	 -0.000114 	 -0.077825 
 0.054900 	 -0.000121 	 -0.077121 
 0.055000 	 -0.000129 	 -0.076410 
 0.055100 	 -0.000137 	 -0.075691 
 0.055200 	 -0.000144 	 -0.074966 
 0.055300 	 -0.000152 	 -0.074234 
 0.055400 	 -0.000159 	 -0.073496 
 0.055500 	 -0.000166 	 -0.072750 
 0.055600 	 -0.000174 	 -0.071998 
 0.055700 	 -0.000181 	 -0.071239 
 0.055800 	 -0.000188 	 -0.070473 
 0.055900 	 -0.000195 	 -0.069702 
 0.056000 	 -0.000202 	 -0.068923 
 0.056100 	 -0.000209 	 -0.068139 
 0.056200 	 -0.000215 	 -0.067348 
 0.056300 	 -0.000222 	 -0.066551 
 0.056400 	 -0.000229 	 -0.065748 
 0.056500 	 -0.000235 	 -0.064939 
 0.056600 	 -0.000242 	 -0.064124 
 0.056700 	 -0.000248 	 -0.063303 
 0.056800 	 -0.000254 	 -0.062477 
 0.056900 	 -0.000261 	 -0.061645 
 0.057000 	 -0.000267 	 -0.060807 
 0.057100 	 -0.000273 	 -0.059964 
 0.057200 	 -0.000279 	 -0.059115 
 0.057300 	 -0.000285 	 -0.058261 
 0.057400 	 -0.000290 	 -0.057402 
 0.057500 	 -0.000296 	 -0.056537 
 0.057600 	 -0.000302 	 -0.055668 
 0.057700 	 -0.000307 	 -0.054793 
 0.057800 	 -0.000313 	 -0.053914 
 0.057900 	 -0.000318 	 -0.053030 
 0.058000 	 -0.000323 	 -0.052141 
 0.058100 	 -0.000328 	 -0.051247 
 0.058200 	 -0.000333 	 -0.050349 
 0.058300 	 -0.000338 	 -0.049447 
 0.058400 	 -0.000343 	 -0.048540 
 0.058500 	 -0.000348 	 -0.047628 
 0.058600 	 -0.000353 	 -0.046713 
 0.058700 	 -0.000357 	 -0.045794 
 0.058800 	 -0.000362 	 -0.044870 
 0.058900 	 -0.000366 	 -0.043943 
 0.059000 	 -0.000371 	 -0.043011 
 0.059100 	 -0.000375 	 -0.042076 
 0.059200 	 -0.000379 	 -0.041138 
 0.059300 	 -0.000383 	 -0.040195 
 0.059400 	 -0.000387 	 -0.039250 
 0.059500 	 -0.000391 	 -0.038301 
 0.059600 	 -0.000395 	 -0.037348 
 0.059700 	 -0.000399 	 -0.036393 
 0.059800 	 -0.000402 	 -0.035435 
 0.059900 	 -0.000406 	 -0.034473 
 0.060000 	 -0.000409 	 -0.033509 
 0.060100 	 -0.000412 	 -0.032541 
 0.060200 	 -0.000416 	 -0.031572 
 0.060300 	 -0.000419 	 -0.030599 
 0.060400 	 -0.000422 	 -0.029624 
 0.060500 	 -0.000425 	 -0.028647 
 0.060600 	 -0.000427 	 -0.027667 
 0.060700 	 -0.000430 	 -0.026685 
 0.060800 	 -0.000433 	 -0.025701 
 0.060900 	 -0.000435 	 -0.024715 
 0.061000 	 -0.000438 	 -0.023727 
 0.061100 	 -0.000440 	 -0.022738 
 0.061200 	 -0.000442 	 -0.021746 
 0.061300 	 -0.000444 	 -0.020753 
 0.061400 	 -0.000446 	 -0.019759 
 0.061500 	 -0.000448 	 -0.018763 
 0.061600 	 -0.000450 	 -0.017765 
 0.061700 	 -0.000452 	 -0.016767 
 0.061800 	 -0.000454 	 -0.015767 
 0.061900 	 -0.000455 	 -0.014766 
 0.062000 	 -0.000456 	 -0.013765 
 0.062100 	 -0.000458 	 -0.012762 
 0.062200 	 -0.000459 	 -0.011759 
 0.062300 	 -0.000460 	 -0.010755 
 0.062400 	 -0.000461 	 -0.009751 
 0.062500 	 -0.000462 	 -0.008746 
 0.062600 	 -0.000463 	 -0.007741 
 0.062700 	 -0.000464 	 -0.006736 
 0.062800 	 -0.000464 	 -0.005730 
 0.062900 	 -0.000465 	 -0.004725 
 0.063000 	 -0.000465 	 -0.003720 
 0.063100 	 -0.000466 	 -0.002714 
 0.063200 	 -0.000466 	 -0.001709 
 0.063300 	 -0.000466 	 -0.000705 
 0.063400 	 -0.000466 	 0.000299 
 0.063500 	 -0.000466 	 0.001303 
 0.063600 	 -0.000466 	 0.002306 
 0.063700 	 -0.000465 	 0.003308 
 0.063800 	 -0.000465 	 0.004309 
 0.063900 	 -0.000465 	 0.005309 
 0.064000 	 -0.000464 	 0.006308 
 0.064100 	 -0.000463 	 0.007306 
 0.064200 	 -0.000462 	 0.008303 
 0.064300 	 -0.000462 	 0.009298 
 0.064400 	 -0.000461 	 0.010292 
 0.064500 	 -0.000460 	 0.011285 
 0.064600 	 -0.000458 	 0.012275 
 0.064700 	 -0.000457 	 0.013264 
 0.064800 	 -0.000456 	 0.014251 
 0.064900 	 -0.000454 	 0.015236 
 0.065000 	 -0.000453 	 0.016219 
 0.065100 	 -0.000451 	 0.017200 
 0.065200 	 -0.000449 	 0.018179 
 0.065300 	 -0.000447 	 0.019155 
 0.065400 	 -0.000445 	 0.020129 
 0.065500 	 -0.000443 	 0.021100 
 0.065600 	 -0.000441 	 0.022068 
 0.065700 	 -0.000439 	 0.023034 
 0.065800 	 -0.000437 	 0.023997 
 0.065900 	 -0.000434 	 0.024957 
 0.066000 	 -0.000432 	 0.025914 
 0.066100 	 -0.000429 	 0.026868 
 0.066200 	 -0.000426 	 0.027819 
 0.066300 	 -0.000423 	 0.028767 
 0.066400 	 -0.000420 	 0.029711 
 0.066500 	 -0.000417 	 0.030651 
 0.066600 	 -0.000414 	 0.031588 
 0.066700 	 -0.000411 	 0.032521 
 0.066800 	 -0.000408 	 0.033451 
 0.066900 	 -0.000404 	 0.034376 
 0.067000 	 -0.000401 	 0.035298 
 0.067100 	 -0.000397 	 0.036216 
 0.067200 	 -0.000394 	 0.037129 
 0.067300 	 -0.000390 	 0.038038 
 0.067400 	 -0.000386 	 0.038943 
 0.067500 	 -0.000382 	 0.039844 
 0.067600 	 -0.000378 	 0.040739 
 0.067700 	 -0.000374 	 0.041631 
 0.067800 	 -0.000370 	 0.042518 
 0.067900 	 -0.000365 	 0.043399 
 0.068000 	 -0.000361 	 0.044276 
 0.068100 	 -0.000357 	 0.045149 
 0.068200 	 -0.000352 	 0.046016 
 0.068300 	 -0.000347 	 0.046878 
 0.068400 	 -0.000343 	 0.047734 
 0.068500 	 -0.000338 	 0.048586 
 0.068600 	 -0.000333 	 0.049432 
 0.068700 	 -0.000328 	 0.050272 
 0.068800 	 -0.000323 	 0.051108 
 0.068900 	 -0.000318 	 0.051937 
 0.069000 	 -0.000313 	 0.052761 
 0.069100 	 -0.000307 	 0.053579 
 0.069200 	 -0.000302 	 0.054391 
 0.069300 	 -0.000296 	 0.055197 
 0.069400 	 -0.000291 	 0.055997 
 0.069500 	 -0.000285 	 0.056791 
 0.069600 	 -0.000279 	 0.057579 
 0.069700 	 -0.000274 	 0.058360 
 0.069800 	 -0.000268 	 0.059135 
 0.069900 	 -0.000262 	 0.059904 
 0.070000 	 -0.000256 	 0.060666 
 0.070100 	 -0.000250 	 0.061422 
 0.070200 	 -0.000243 	 0.062171 
 0.070300 	 -0.000237 	 0.062914 
 0.070400 	 -0.000231 	 0.063649 
 0.070500 	 -0.000225 	 0.064378 
 0.070600 	 -0.000218 	 0.065099 
 0.070700 	 -0.000211 	 0.065814 
 0.070800 	 -0.000205 	 0.066522 
 0.070900 	 -0.000198 	 0.067222 
 0.071000 	 -0.000191 	 0.067915 
 0.071100 	 -0.000185 	 0.068601 
 0.071200 	 -0.000178 	 0.069280 
 0.071300 	 -0.000171 	 0.069951 
 0.071400 	 -0.000164 	 0.070615 
 0.071500 	 -0.000157 	 0.071271 
 0.071600 	 -0.000149 	 0.071919 
 0.071700 	 -0.000142 	 0.072560 
 0.071800 	 -0.000135 	 0.073193 
 0.071900 	 -0.000128 	 0.073818 
 0.072000 	 -0.000120 	 0.074435 
 0.072100 	 -0.000113 	 0.075045 
 0.072200 	 -0.000105 	 0.075646 
 0.072300 	 -0.000098 	 0.076239 
 0.072400 	 -0.000090 	 0.076824 
 0.072500 	 -0.000082 	 0.077401 
 0.072600 	 -0.000074 	 0.077970 
 0.072700 	 -0.000067 	 0.078531 
 0.072800 	 -0.000059 	 0.079083 
 0.072900 	 -0.000051 	 0.079626 
 0.073000 	 -0.000043 	 0.080162 
 0.073100 	 -0.000035 	 0.080688 
 0.073200 	 -0.000027 	 0.081207 
 0.073300 	 -0.000019 	 0.081716 
 0.073400 	 -0.000010 	 0.082217 
 0.073500 	 -0.000002 	 0.082709 
 0.073600 	 0.000006 	 0.083193 
 0.073700 	 0.000015 	 0.083667 
 0.073800 	 0.000023 	 0.084133 
 0.073900 	 0.000031 	 0.084590 
 0.074000 	 0.000040 	 0.085038 
 0.074100 	 0.000048 	 0.085477 
 0.074200 	 0.000057 	 0.085907 
 0.074300 	 0.000066 	 0.086328 
 0.074400 	 0.000074 	 0.086739 
 0.074500 	 0.000083 	 0.087142 
 0.074600 	 0.000092 	 0.087535 
 0.074700 	 0.000100 	 0.087919 
 0.074800 	 0.000109 	 0.088294 
 0.074900 	 0.000118 	 0.088660 
 0.075000 	 0.000127 	 0.089016 
 0.075100 	 0.000136 	 0.089362 
 0.075200 	 0.000145 	 0.089700 
 0.075300 	 0.000154 	 0.090028 
 0.075400 	 0.000163 	 0.090346 
 0.075500 	 0.000172 	 0.090655 
 0.075600 	 0.000181 	 0.090954 
 0.075700 	 0.000190 	 0.091244 
 0.075800 	 0.000199 	 0.091524 
 0.075900 	 0.000208 	 0.091795 
 0.076000 	 0.000218 	 0.092056 
 0.076100 	 0.000227 	 0.092307 
 0.076200 	 0.000236 	 0.092548 
 0.076300 	 0.000245 	 0.092780 
 0.076400 	 0.000255 	 0.093002 
 0.076500 	 0.000264 	 0.093214 
 0.076600 	 0.000273 	 0.093417 
 0.076700 	 0.000283 	 0.093609 
 0.076800 	 0.000292 	 0.093792 
 0.076900 	 0.000301 	 0.093965 
 0.077000 	 0.000311 	 0.094128 
 0.077100 	 0.000320 	 0.094281 
 0.077200 	 0.000330 	 0.094425 
 0.077300 	 0.000339 	 0.094558 
 0.077400 	 0.000349 	 0.094681 
 0.077500 	 0.000358 	 0.094795 
 0.077600 	 0.000367 	 0.094898 
 0.077700 	 0.000377 	 0.094992 
 0.077800 	 0.000386 	 0.095076 
 0.077900 	 0.000396 	 0.095149 
 0.078000 	 0.000406 	 0.095213 
 0.078100 	 0.000415 	 0.095266 
 0.078200 	 0.000425 	 0.095310 
 0.078300 	 0.000434 	 0.095344 
 0.078400 	 0.000444 	 0.095367 
 0.078500 	 0.000453 	 0.095381 
 0.078600 	 0.000463 	 0.095385 
 0.078700 	 0.000472 	 0.095378 
 0.078800 	 0.000482 	 0.095362 
 0.078900 	 0.000491 	 0.095336 
 0.079000 	 0.000501 	 0.095299 
 0.079100 	 0.000510 	 0.095253 
 0.079200 	 0.000520 	 0.095197 
 0.079300 	 0.000529 	 0.095130 
 0.079400 	 0.000539 	 0.095054 
 0.079500 	 0.000548 	 0.094968 
 0.079600 	 0.000558 	 0.094871 
 0.079700 	 0.000567 	 0.094765 
 0.079800 	 0.000577 	 0.094649 
 0.079900 	 0.000586 	 0.094523 
 0.080000 	 0.000596 	 0.094387 
 0.080100 	 0.000605 	 0.094241 
 0.080200 	 0.000615 	 0.094086 
 0.080300 	 0.000624 	 0.093920 
 0.080400 	 0.000633 	 0.093745 
 0.080500 	 0.000643 	 0.093559 
 0.080600 	 0.000652 	 0.093364 
 0.080700 	 0.000661 	 0.093159 
 0.080800 	 0.000671 	 0.092945 
 0.080900 	 0.000680 	 0.092720 
 0.081000 	 0.000689 	 0.092486 
 0.081100 	 0.000699 	 0.092242 
 0.081200 	 0.000708 	 0.091989 
 0.081300 	 0.000717 	 0.091726 
 0.081400 	 0.000726 	 0.091453 
 0.081500 	 0.000735 	 0.091170 
 0.081600 	 0.000744 	 0.090878 
 0.081700 	 0.000753 	 0.090577 
 0.081800 	 0.000762 	 0.090266 
 0.081900 	 0.000771 	 0.089945 
 0.082000 	 0.000780 	 0.089615 
 0.082100 	 0.000789 	 0.089276 
 0.082200 	 0.000798 	 0.088927 
 0.082300 	 0.000807 	 0.088569 
 0.082400 	 0.000816 	 0.088202 
 0.082500 	 0.000825 	 0.087825 
 0.082600 	 0.000834 	 0.087439 
 0.082700 	 0.000842 	 0.087044 
 0.082800 	 0.000851 	 0.086640 
 0.082900 	 0.000860 	 0.086227 
 0.083000 	 0.000868 	 0.085804 
 0.083100 	 0.000877 	 0.085373 
 0.083200 	 0.000885 	 0.084932 
 0.083300 	 0.000894 	 0.084483 
 0.083400 	 0.000902 	 0.084025 
 0.083500 	 0.000911 	 0.083558 
 0.083600 	 0.000919 	 0.083082 
 0.083700 	 0.000927 	 0.082597 
 0.083800 	 0.000935 	 0.082104 
 0.083900 	 0.000944 	 0.081602 
 0.084000 	 0.000952 	 0.081091 
 0.084100 	 0.000960 	 0.080572 
 0.084200 	 0.000968 	 0.080045 
 0.084300 	 0.000976 	 0.079509 
 0.084400 	 0.000984 	 0.078964 
 0.084500 	 0.000992 	 0.078411 
 0.084600 	 0.000999 	 0.077850 
 0.084700 	 0.001007 	 0.077281 
 0.084800 	 0.001015 	 0.076703 
 0.084900 	 0.001023 	 0.076118 
 0.085000 	 0.001030 	 0.075524 
 0.085100 	 0.001038 	 0.074922 
 0.085200 	 0.001045 	 0.074313 
 0.085300 	 0.001052 	 0.073695 
 0.085400 	 0.001060 	 0.073070 
 0.085500 	 0.001067 	 0.072437 
 0.085600 	 0.001074 	 0.071797 
 0.085700 	 0.001081 	 0.071148 
 0.085800 	 0.001089 	 0.070493 
 0.085900 	 0.001096 	 0.069829 
 0.086000 	 0.001103 	 0.069159 
 0.086100 	 0.001109 	 0.068481 
 0.086200 	 0.001116 	 0.067795 
 0.086300 	 0.001123 	 0.067103 
 0.086400 	 0.001130 	 0.066403 
 0.086500 	 0.001136 	 0.065696 
 0.086600 	 0.001143 	 0.064982 
 0.086700 	 0.001149 	 0.064262 
 0.086800 	 0.001156 	 0.063534 
 0.086900 	 0.001162 	 0.062800 
 0.087000 	 0.001168 	 0.062059 
 0.087100 	 0.001174 	 0.061311 
 0.087200 	 0.001180 	 0.060557 
 0.087300 	 0.001186 	 0.059796 
 0.087400 	 0.001192 	 0.059029 
 0.087500 	 0.001198 	 0.058256 
 0.087600 	 0.001204 	 0.057476 
 0.087700 	 0.001210 	 0.056690 
 0.087800 	 0.001215 	 0.055898 
 0.087900 	 0.001221 	 0.055100 
 0.088000 	 0.001226 	 0.054296 
 0.088100 	 0.001232 	 0.053486 
 0.088200 	 0.001237 	 0.052671 
 0.088300 	 0.001242 	 0.051850 
 0.088400 	 0.001247 	 0.051023 
 0.088500 	 0.001253 	 0.050190 
 0.088600 	 0.001258 	 0.049353 
 0.088700 	 0.001262 	 0.048510 
 0.088800 	 0.001267 	 0.047661 
 0.088900 	 0.001272 	 0.046807 
 0.089000 	 0.001277 	 0.045949 
 0.089100 	 0.001281 	 0.045085 
 0.089200 	 0.001286 	 0.044216 
 0.089300 	 0.001290 	 0.043343 
 0.089400 	 0.001294 	 0.042465 
 0.089500 	 0.001298 	 0.041582 
 0.089600 	 0.001303 	 0.040694 
 0.089700 	 0.001307 	 0.039802 
 0.089800 	 0.001311 	 0.038906 
 0.089900 	 0.001314 	 0.038005 
 0.090000 	 0.001318 	 0.037100 
 0.090100 	 0.001322 	 0.036191 
 0.090200 	 0.001325 	 0.035278 
 0.090300 	 0.001329 	 0.034361 
 0.090400 	 0.001332 	 0.033440 
 0.090500 	 0.001336 	 0.032516 
 0.090600 	 0.001339 	 0.031587 
 0.090700 	 0.001342 	 0.030656 
 0.090800 	 0.001345 	 0.029720 
 0.090900 	 0.001348 	 0.028782 
 0.091000 	 0.001351 	 0.027840 
 0.091100 	 0.001353 	 0.026894 
 0.091200 	 0.001356 	 0.025946 
 0.091300 	 0.001359 	 0.024995 
 0.091400 	 0.001361 	 0.024041 
 0.091500 	 0.001363 	 0.023084 
 0.091600 	 0.001366 	 0.022124 
 0.091700 	 0.001368 	 0.021161 
 0.091800 	 0.001370 	 0.020197 
 0.091900 	 0.001372 	 0.019229 
 0.092000 	 0.001374 	 0.018260 
 0.092100 	 0.001375 	 0.017288 
 0.092200 	 0.001377 	 0.016314 
 0.092300 	 0.001379 	 0.015338 
 0.092400 	 0.001380 	 0.014360 
 0.092500 	 0.001382 	 0.013380 
 0.092600 	 0.001383 	 0.012398 
 0.092700 	 0.001384 	 0.011415 
 0.092800 	 0.001385 	 0.010430 
 0.092900 	 0.001386 	 0.009444 
 0.093000 	 0.001387 	 0.008457 
 0.093100 	 0.001388 	 0.007468 
 0.093200 	 0.001389 	 0.006478 
 0.093300 	 0.001389 	 0.005487 
 0.093400 	 0.001390 	 0.004495 
 0.093500 	 0.001390 	 0.003502 
 0.093600 	 0.001390 	 0.002509 
 0.093700 	 0.001391 	 0.001514 
 0.093800 	 0.001391 	 0.000520 
 0.093900 	 0.001391 	 -0.000476 
 0.094000 	 0.001391 	 -0.001471 
 0.094100 	 0.001390 	 -0.002467 
 0.094200 	 0.001390 	 -0.003463 
 0.094300 	 0.001390 	 -0.004459 
 0.094400 	 0.001389 	 -0.005455 
 0.094500 	 0.001389 	 -0.006451 
 0.094600 	 0.001388 	 -0.007446 
 0.094700 	 0.001387 	 -0.008442 
 0.094800 	 0.001386 	 -0.009436 
 0.094900 	 0.001385 	 -0.010431 
 0.095000 	 0.001384 	 -0.011424 
 0.095100 	 0.001383 	 -0.012417 
 0.095200 	 0.001382 	 -0.013409 
 0.095300 	 0.001380 	 -0.014400 
 0.095400 	 0.001379 	 -0.015390 
 0.095500 	 0.001377 	 -0.016379 
 0.095600 	 0.001375 	 -0.017366 
 0.095700 	 0.001374 	 -0.018353 
 0.095800 	 0.001372 	 -0.019338 
 0.095900 	 0.001370 	 -0.020321 
 0.096000 	 0.001368 	 -0.021302 
 0.096100 	 0.001366 	 -0.022282 
 0.096200 	 0.001363 	 -0.023260 
 0.096300 	 0.001361 	 -0.024237 
 0.096400 	 0.001358 	 -0.025211 
 0.096500 	 0.001356 	 -0.026183 
 0.096600 	 0.001353 	 -0.027152 
 0.096700 	 0.001350 	 -0.028120 
 0.096800 	 0.001348 	 -0.029085 
 0.096900 	 0.001345 	 -0.030047 
 0.097000 	 0.001342 	 -0.031007 
 0.097100 	 0.001338 	 -0.031964 
 0.097200 	 0.001335 	 -0.032918 
 0.097300 	 0.001332 	 -0.033870 
 0.097400 	 0.001328 	 -0.034818 
 0.097500 	 0.001325 	 -0.035764 
 0.097600 	 0.001321 	 -0.036706 
 0.097700 	 0.001318 	 -0.037644 
 0.097800 	 0.001314 	 -0.038580 
 0.097900 	 0.001310 	 -0.039512 
 0.098000 	 0.001306 	 -0.040440 
 0.098100 	 0.001302 	 -0.041365 
 0.098200 	 0.001298 	 -0.042286 
 0.098300 	 0.001293 	 -0.043203 
 0.098400 	 0.001289 	 -0.044116 
 0.098500 	 0.001284 	 -0.045026 
 0.098600 	 0.001280 	 -0.045931 
 0.098700 	 0.001275 	 -0.046831 
 0.098800 	 0.001271 	 -0.047728 
 0.098900 	 0.001266 	 -0.048620 
 0.099000 	 0.001261 	 -0.049508 
 0.099100 	 0.001256 	 -0.050391 
 0.099200 	 0.001251 	 -0.051269 
 0.099300 	 0.001246 	 -0.052143 
 0.099400 	 0.001240 	 -0.053012 
 0.099500 	 0.001235 	 -0.053876 
 0.099600 	 0.001230 	 -0.054735 
 0.099700 	 0.001224 	 -0.055589 
 0.099800 	 0.001218 	 -0.056437 
 0.099900 	 0.001213 	 -0.057281 
 0.100000 	 0.001207 	 -0.058119 
 0.100100 	 0.001201 	 -0.058951 
 0.100200 	 0.001195 	 -0.059778 
 0.100300 	 0.001189 	 -0.060600 
 0.100400 	 0.001183 	 -0.061416 
 0.100500 	 0.001177 	 -0.062226 
 0.100600 	 0.001171 	 -0.063030 
 0.100700 	 0.001164 	 -0.063828 
 0.100800 	 0.001158 	 -0.064620 
 0.100900 	 0.001151 	 -0.065406 
 0.101000 	 0.001145 	 -0.066186 
 0.101100 	 0.001138 	 -0.066960 
 0.101200 	 0.001131 	 -0.067727 
 0.101300 	 0.001125 	 -0.068488 
 0.101400 	 0.001118 	 -0.069243 
 0.101500 	 0.001111 	 -0.069991 
 0.101600 	 0.001104 	 -0.070732 
 0.101700 	 0.001097 	 -0.071467 
 0.101800 	 0.001089 	 -0.072195 
 0.101900 	 0.001082 	 -0.072916 
 0.102000 	 0.001075 	 -0.073630 
 0.102100 	 0.001067 	 -0.074337 
 0.102200 	 0.001060 	 -0.075037 
 0.102300 	 0.001052 	 -0.075730 
 0.102400 	 0.001045 	 -0.076415 
 0.102500 	 0.001037 	 -0.077094 
 0.102600 	 0.001029 	 -0.077765 
 0.102700 	 0.001022 	 -0.078428 
 0.102800 	 0.001014 	 -0.079085 
 0.102900 	 0.001006 	 -0.079733 
 0.103000 	 0.000998 	 -0.080374 
 0.103100 	 0.000990 	 -0.081008 
 0.103200 	 0.000982 	 -0.081633 
 0.103300 	 0.000973 	 -0.082251 
 0.103400 	 0.000965 	 -0.082861 
 0.103500 	 0.000957 	 -0.083463 
 0.103600 	 0.000948 	 -0.084057 
 0.103700 	 0.000940 	 -0.084643 
 0.103800 	 0.000931 	 -0.085221 
 0.103900 	 0.000923 	 -0.085790 
 0.104000 	 0.000914 	 -0.086352 
 0.104100 	 0.000906 	 -0.086905 
 0.104200 	 0.000897 	 -0.087450 
 0.104300 	 0.000888 	 -0.087987 
 0.104400 	 0.000879 	 -0.088515 
 0.104500 	 0.000870 	 -0.089034 
 0.104600 	 0.000862 	 -0.089545 
 0.104700 	 0.000853 	 -0.090048 
 0.104800 	 0.000844 	 -0.090542 
 0.104900 	 0.000834 	 -0.091027 
 0.105000 	 0.000825 	 -0.091503 
 0.105100 	 0.000816 	 -0.091971 
 0.105200 	 0.000807 	 -0.092429 
 0.105300 	 0.000798 	 -0.092879 
 0.105400 	 0.000788 	 -0.093320 
 0.105500 	 0.000779 	 -0.093752 
 0.105600 	 0.000770 	 -0.094175 
 0.105700 	 0.000760 	 -0.094589 
 0.105800 	 0.000751 	 -0.094993 
 0.105900 	 0.000741 	 -0.095389 
 0.106000 	 0.000732 	 -0.095775 
 0.106100 	 0.000722 	 -0.096153 
 0.106200 	 0.000712 	 -0.096521 
 0.106300 	 0.000703 	 -0.096879 
 0.106400 	 0.000693 	 -0.097229 
 0.106500 	 0.000683 	 -0.097568 
 0.106600 	 0.000673 	 -0.097899 
 0.106700 	 0.000664 	 -0.098220 
 0.106800 	 0.000654 	 -0.098532 
 0.106900 	 0.000644 	 -0.098834 
 0.107000 	 0.000634 	 -0.099126 
 0.107100 	 0.000624 	 -0.099409 
 0.107200 	 0.000614 	 -0.099683 
 0.107300 	 0.000604 	 -0.099947 
 0.107400 	 0.000594 	 -0.100201 
 0.107500 	 0.000584 	 -0.100445 
 0.107600 	 0.000574 	 -0.100680 
 0.107700 	 0.000564 	 -0.100905 
 0.107800 	 0.000554 	 -0.101120 
 0.107900 	 0.000544 	 -0.101326 
 0.108000 	 0.000534 	 -0.101522 
 0.108100 	 0.000524 	 -0.101708 
 0.108200 	 0.000513 	 -0.101884 
 0.108300 	 0.000503 	 -0.102050 
 0.108400 	 0.000493 	 -0.102206 
 0.108500 	 0.000483 	 -0.102353 
 0.108600 	 0.000472 	 -0.102490 
 0.108700 	 0.000462 	 -0.102616 
 0.108800 	 0.000452 	 -0.102733 
 0.108900 	 0.000442 	 -0.102840 
 0.109000 	 0.000431 	 -0.102937 
 0.109100 	 0.000421 	 -0.103024 
 0.109200 	 0.000411 	 -0.103101 
 0.109300 	 0.000400 	 -0.103168 
 0.109400 	 0.000390 	 -0.103225 
 0.109500 	 0.000380 	 -0.103273 
 0.109600 	 0.000369 	 -0.103310 
 0.109700 	 0.000359 	 -0.103337 
 0.109800 	 0.000349 	 -0.103354 
 0.109900 	 0.000338 	 -0.103361 
 0.110000 	 0.000328 	 -0.103358 
 0.110100 	 0.000318 	 -0.103346 
 0.110200 	 0.000307 	 -0.103323 
 0.110300 	 0.000297 	 -0.103290 
 0.110400 	 0.000287 	 -0.103247 
 0.110500 	 0.000276 	 -0.103194 
 0.110600 	 0.000266 	 -0.103132 
 0.110700 	 0.000256 	 -0.103059 
 0.110800 	 0.000246 	 -0.102976 
 0.110900 	 0.000235 	 -0.102884 
 0.111000 	 0.000225 	 -0.102781 
 0.111100 	 0.000215 	 -0.102668 
 0.111200 	 0.000204 	 -0.102546 
 0.111300 	 0.000194 	 -0.102413 
 0.111400 	 0.000184 	 -0.102271 
 0.111500 	 0.000174 	 -0.102119 
 0.111600 	 0.000164 	 -0.101957 
 0.111700 	 0.000153 	 -0.101785 
 0.111800 	 0.000143 	 -0.101603 
 0.111900 	 0.000133 	 -0.101411 
 0.112000 	 0.000123 	 -0.101210 
 0.112100 	 0.000113 	 -0.100999 
 0.112200 	 0.000103 	 -0.100778 
 0.112300 	 0.000093 	 -0.100547 
 0.112400 	 0.000083 	 -0.100307 
 0.112500 	 0.000073 	 -0.100056 
 0.112600 	 0.000063 	 -0.099797 
 0.112700 	 0.000053 	 -0.099527 
 0.112800 	 0.000043 	 -0.099248 
 0.112900 	 0.000033 	 -0.098959 
 0.113000 	 0.000023 	 -0.098661 
 0.113100 	 0.000013 	 -0.098353 
 0.113200 	 0.000003 	 -0.098036 
 0.113300 	 -0.000007 	 -0.097709 
 0.113400 	 -0.000016 	 -0.097373 
 0.113500 	 -0.000026 	 -0.097027 
 0.113600 	 -0.000036 	 -0.096672 
 0.113700 	 -0.000045 	 -0.096308 
 0.113800 	 -0.000055 	 -0.095934 
 0.113900 	 -0.000065 	 -0.095551 
 0.114000 	 -0.000074 	 -0.095159 
 0.114100 	 -0.000084 	 -0.094758 
 0.114200 	 -0.000093 	 -0.094347 
 0.114300 	 -0.000102 	 -0.093928 
 0.114400 	 -0.000112 	 -0.093499 
 0.114500 	 -0.000121 	 -0.093061 
 0.114600 	 -0.000130 	 -0.092615 
 0.114700 	 -0.000140 	 -0.092159 
 0.114800 	 -0.000149 	 -0.091695 
 0.114900 	 -0.000158 	 -0.091221 
 0.115000 	 -0.000167 	 -0.090739 
 0.115100 	 -0.000176 	 -0.090248 
 0.115200 	 -0.000185 	 -0.089749 
 0.115300 	 -0.000194 	 -0.089240 
 0.115400 	 -0.000203 	 -0.088724 
 0.115500 	 -0.000212 	 -0.088198 
 0.115600 	 -0.000221 	 -0.087664 
 0.115700 	 -0.000229 	 -0.087122 
 0.115800 	 -0.000238 	 -0.086571 
 0.115900 	 -0.000247 	 -0.086012 
 0.116000 	 -0.000255 	 -0.085445 
 0.116100 	 -0.000264 	 -0.084869 
 0.116200 	 -0.000272 	 -0.084285 
 0.116300 	 -0.000281 	 -0.083694 
 0.116400 	 -0.000289 	 -0.083094 
 0.116500 	 -0.000297 	 -0.082486 
 0.116600 	 -0.000306 	 -0.081870 
 0.116700 	 -0.000314 	 -0.081246 
 0.116800 	 -0.000322 	 -0.080615 
 0.116900 	 -0.000330 	 -0.079975 
 0.117000 	 -0.000338 	 -0.079328 
 0.117100 	 -0.000346 	 -0.078674 
 0.117200 	 -0.000353 	 -0.078012 
 0.117300 	 -0.000361 	 -0.077342 
 0.117400 	 -0.000369 	 -0.076665 
 0.117500 	 -0.000377 	 -0.075981 
 0.117600 	 -0.000384 	 -0.075289 
 0.117700 	 -0.000392 	 -0.074590 
 0.117800 	 -0.000399 	 -0.073884 
 0.117900 	 -0.000406 	 -0.073171 
 0.118000 	 -0.000414 	 -0.072451 
 0.118100 	 -0.000421 	 -0.071724 
 0.118200 	 -0.000428 	 -0.070990 
 0.118300 	 -0.000435 	 -0.070250 
 0.118400 	 -0.000442 	 -0.069502 
 0.118500 	 -0.000449 	 -0.068748 
 0.118600 	 -0.000456 	 -0.067988 
 0.118700 	 -0.000463 	 -0.067221 
 0.118800 	 -0.000469 	 -0.066447 
 0.118900 	 -0.000476 	 -0.065667 
 0.119000 	 -0.000482 	 -0.064881 
 0.119100 	 -0.000489 	 -0.064089 
 0.119200 	 -0.000495 	 -0.063291 
 0.119300 	 -0.000502 	 -0.062486 
 0.119400 	 -0.000508 	 -0.061676 
 0.119500 	 -0.000514 	 -0.060860 
 0.119600 	 -0.000520 	 -0.060038 
 0.119700 	 -0.000526 	 -0.059210 
 0.119800 	 -0.000532 	 -0.058377 
 0.119900 	 -0.000538 	 -0.057538 
 0.120000 	 -0.000543 	 -0.056694 
 0.120100 	 -0.000549 	 -0.055844 
 0.120200 	 -0.000554 	 -0.054989 
 0.120300 	 -0.000560 	 -0.054129 
 0.120400 	 -0.000565 	 -0.053264 
 0.120500 	 -0.000571 	 -0.052394 
 0.120600 	 -0.000576 	 -0.051519 
 0.120700 	 -0.000581 	 -0.050639 
 0.120800 	 -0.000586 	 -0.049754 
 0.120900 	 -0.000591 	 -0.048865 
 0.121000 	 -0.000596 	 -0.047971 
 0.121100 	 -0.000600 	 -0.047072 
 0.121200 	 -0.000605 	 -0.046170 
 0.121300 	 -0.000610 	 -0.045262 
 0.121400 	 -0.000614 	 -0.044351 
 0.121500 	 -0.000618 	 -0.043435 
 0.121600 	 -0.000623 	 -0.042516 
 0.121700 	 -0.000627 	 -0.041592 
 0.121800 	 -0.000631 	 -0.040665 
 0.121900 	 -0.000635 	 -0.039734 
 0.122000 	 -0.000639 	 -0.038799 
 0.122100 	 -0.000643 	 -0.037860 
 0.122200 	 -0.000647 	 -0.036919 
 0.122300 	 -0.000650 	 -0.035973 
 0.122400 	 -0.000654 	 -0.035025 
 0.122500 	 -0.000657 	 -0.034073 
 0.122600 	 -0.000661 	 -0.033118 
 0.122700 	 -0.000664 	 -0.032160 
 0.122800 	 -0.000667 	 -0.031199 
 0.122900 	 -0.000670 	 -0.030236 
 0.123000 	 -0.000673 	 -0.029269 
 0.123100 	 -0.000676 	 -0.028300 
 0.123200 	 -0.000679 	 -0.027329 
 0.123300 	 -0.000681 	 -0.026355 
 0.123400 	 -0.000684 	 -0.025378 
 0.123500 	 -0.000687 	 -0.024400 
 0.123600 	 -0.000689 	 -0.023419 
 0.123700 	 -0.000691 	 -0.022436 
 0.123800 	 -0.000693 	 -0.021452 
 0.123900 	 -0.000696 	 -0.020465 
 0.124000 	 -0.000698 	 -0.019477 
 0.124100 	 -0.000699 	 -0.018487 
 0.124200 	 -0.000701 	 -0.017495 
 0.124300 	 -0.000703 	 -0.016502 
 0.124400 	 -0.000704 	 -0.015508 
 0.124500 	 -0.000706 	 -0.014512 
 0.124600 	 -0.000707 	 -0.013516 
 0.124700 	 -0.000709 	 -0.012518 
 0.124800 	 -0.000710 	 -0.011519 
 0.124900 	 -0.000711 	 -0.010520 
 0.125000 	 -0.000712 	 -0.009519 
 0.125100 	 -0.000713 	 -0.008518 
 0.125200 	 -0.000714 	 -0.007517 
 0.125300 	 -0.000714 	 -0.006515 
 0.125400 	 -0.000715 	 -0.005512 
 0.125500 	 -0.000716 	 -0.004510 
 0.125600 	 -0.000716 	 -0.003507 
 0.125700 	 -0.000716 	 -0.002504 
 0.125800 	 -0.000716 	 -0.001501 
 0.125900 	 -0.000717 	 -0.000498 
 0.126000 	 -0.000717 	 0.000504 
 0.126100 	 -0.000716 	 0.001506 
 0.126200 	 -0.000716 	 0.002508 
 0.126300 	 -0.000716 	 0.003509 
 0.126400 	 -0.000716 	 0.004510 
 0.126500 	 -0.000715 	 0.005510 
 0.126600 	 -0.000714 	 0.006508 
 0.126700 	 -0.000714 	 0.007506 
 0.126800 	 -0.000713 	 0.008503 
 0.126900 	 -0.000712 	 0.009499 
 0.127000 	 -0.000711 	 0.010494 
 0.127100 	 -0.000710 	 0.011487 
 0.127200 	 -0.000709 	 0.012479 
 0.127300 	 -0.000707 	 0.013469 
 0.127400 	 -0.000706 	 0.014458 
 0.127500 	 -0.000705 	 0.015445 
 0.127600 	 -0.000703 	 0.016430 
 0.127700 	 -0.000701 	 0.017413 
 0.127800 	 -0.000699 	 0.018394 
 0.127900 	 -0.000698 	 0.019373 
 0.128000 	 -0.000696 	 0.020350 
 0.128100 	 -0.000693 	 0.021325 
 0.128200 	 -0.000691 	 0.022297 
 0.128300 	 -0.000689 	 0.023266 
 0.128400 	 -0.000687 	 0.024233 
 0.128500 	 -0.000684 	 0.025197 
 0.128600 	 -0.000682 	 0.026159 
 0.128700 	 -0.000679 	 0.027117 
 0.128800 	 -0.000676 	 0.028073 
 0.128900 	 -0.000673 	 0.029025 
 0.129000 	 -0.000670 	 0.029975 
 0.129100 	 -0.000667 	 0.030921 
 0.129200 	 -0.000664 	 0.031863 
 0.129300 	 -0.000661 	 0.032803 
 0.129400 	 -0.000658 	 0.033738 
 0.129500 	 -0.000654 	 0.034670 
 0.129600 	 -0.000651 	 0.035598 
 0.129700 	 -0.000647 	 0.036523 
 0.129800 	 -0.000643 	 0.037443 
 0.129900 	 -0.000640 	 0.038360 
 0.130000 	 -0.000636 	 0.039272 
 0.130100 	 -0.000632 	 0.040180 
 0.130200 	 -0.000628 	 0.041084 
 0.130300 	 -0.000624 	 0.041983 
 0.130400 	 -0.000619 	 0.042878 
 0.130500 	 -0.000615 	 0.043769 
 0.130600 	 -0.000611 	 0.044654 
 0.130700 	 -0.000606 	 0.045535 
 0.130800 	 -0.000601 	 0.046411 
 0.130900 	 -0.000597 	 0.047283 
 0.131000 	 -0.000592 	 0.048149 
 0.131100 	 -0.000587 	 0.049010 
 0.131200 	 -0.000582 	 0.049866 
 0.131300 	 -0.000577 	 0.050717 
 0.131400 	 -0.000572 	 0.051562 
 0.131500 	 -0.000567 	 0.052402 
 0.131600 	 -0.000562 	 0.053236 
 0.131700 	 -0.000556 	 0.054065 
 0.131800 	 -0.000551 	 0.054888 
 0.131900 	 -0.000545 	 0.055706 
 0.132000 	 -0.000540 	 0.056517 
 0.132100 	 -0.000534 	 0.057323 
 0.132200 	 -0.000528 	 0.058123 
 0.132300 	 -0.000522 	 0.058916 
 0.132400 	 -0.000516 	 0.059704 
 0.132500 	 -0.000510 	 0.060485 
 0.132600 	 -0.000504 	 0.061260 
 0.132700 	 -0.000498 	 0.062028 
 0.132800 	 -0.000492 	 0.062790 
 0.132900 	 -0.000486 	 0.063545 
 0.133000 	 -0.000479 	 0.064294 
 0.133100 	 -0.000473 	 0.065036 
 0.133200 	 -0.000466 	 0.065771 
 0.133300 	 -0.000460 	 0.066500 
 0.133400 	 -0.000453 	 0.067221 
 0.133500 	 -0.000446 	 0.067936 
 0.133600 	 -0.000439 	 0.068643 
 0.133700 	 -0.000432 	 0.069344 
 0.133800 	 -0.000425 	 0.070037 
 0.133900 	 -0.000418 	 0.070723 
 0.134000 	 -0.000411 	 0.071401 
 0.134100 	 -0.000404 	 0.072073 
 0.134200 	 -0.000397 	 0.072736 
 0.134300 	 -0.000390 	 0.073392 
 0.134400 	 -0.000382 	 0.074041 
 0.134500 	 -0.000375 	 0.074682 
 0.134600 	 -0.000367 	 0.075315 
 0.134700 	 -0.000360 	 0.075940 
 0.134800 	 -0.000352 	 0.076558 
 0.134900 	 -0.000344 	 0.077167 
 0.135000 	 -0.000337 	 0.077769 
 0.135100 	 -0.000329 	 0.078362 
 0.135200 	 -0.000321 	 0.078948 
 0.135300 	 -0.000313 	 0.079525 
 0.135400 	 -0.000305 	 0.080094 
 0.135500 	 -0.000297 	 0.080655 
 0.135600 	 -0.000289 	 0.081207 
 0.135700 	 -0.000281 	 0.081751 
 0.135800 	 -0.000273 	 0.082287 
 0.135900 	 -0.000264 	 0.082814 
 0.136000 	 -0.000256 	 0.083333 
 0.136100 	 -0.000248 	 0.083843 
 0.136200 	 -0.000239 	 0.084344 
 0.136300 	 -0.000231 	 0.084837 
 0.136400 	 -0.000222 	 0.085321 
 0.136500 	 -0.000214 	 0.085796 
 0.136600 	 -0.000205 	 0.086262 
 0.136700 	 -0.000196 	 0.086720 
 0.136800 	 -0.000188 	 0.087168 
 0.136900 	 -0.000179 	 0.087608 
 0.137000 	 -0.000170 	 0.088038 
 0.137100 	 -0.000161 	 0.088459 
 0.137200 	 -0.000153 	 0.088872 
 0.137300 	 -0.000144 	 0.089275 
 0.137400 	 -0.000135 	 0.089669 
 0.137500 	 -0.000126 	 0.090054 
 0.137600 	 -0.000117 	 0.090429 
 0.137700 	 -0.000108 	 0.090795 
 0.137800 	 -0.000098 	 0.091152 
 0.137900 	 -0.000089 	 0.091500 
 0.138000 	 -0.000080 	 0.091838 
 0.138100 	 -0.000071 	 0.092166 
 0.138200 	 -0.000062 	 0.092486 
 0.138300 	 -0.000052 	 0.092795 
 0.138400 	 -0.000043 	 0.093095 
 0.138500 	 -0.000034 	 0.093386 
 0.138600 	 -0.000025 	 0.093667 
 0.138700 	 -0.000015 	 0.093938 
 0.138800 	 -0.000006 	 0.094200 
 0.138900 	 0.000004 	 0.094452 
 0.139000 	 0.000013 	 0.094694 
 0.139100 	 0.000023 	 0.094927 
 0.139200 	 0.000032 	 0.095150 
 0.139300 	 0.000042 	 0.095363 
 0.139400 	 0.000051 	 0.095566 
 0.139500 	 0.000061 	 0.095760 
 0.139600 	 0.000070 	 0.095944 
 0.139700 	 0.000080 	 0.096117 
 0.139800 	 0.000090 	 0.096281 
 0.139900 	 0.000099 	 0.096435 
 0.140000 	 0.000109 	 0.096580 
 0.140100 	 0.000119 	 0.096714 
 0.140200 	 0.000128 	 0.096838 
 0.140300 	 0.000138 	 0.096953 
 0.140400 	 0.000148 	 0.097057 
 0.140500 	 0.000157 	 0.097152 
 0.140600 	 0.000167 	 0.097236 
 0.140700 	 0.000177 	 0.097311 
 0.140800 	 0.000186 	 0.097375 
 0.140900 	 0.000196 	 0.097430 
 0.141000 	 0.000206 	 0.097475 
 0.141100 	 0.000216 	 0.097509 
 0.141200 	 0.000225 	 0.097534 
 0.141300 	 0.000235 	 0.097549 
 0.141400 	 0.000245 	 0.097553 
 0.141500 	 0.000255 	 0.097548 
 0.141600 	 0.000264 	 0.097533 
 0.141700 	 0.000274 	 0.097507 
 0.141800 	 0.000284 	 0.097472 
 0.141900 	 0.000294 	 0.097427 
 0.142000 	 0.000303 	 0.097371 
 0.142100 	 0.000313 	 0.097306 
 0.142200 	 0.000323 	 0.097231 
 0.142300 	 0.000333 	 0.097145 
 0.142400 	 0.000342 	 0.097050 
 0.142500 	 0.000352 	 0.096945 
 0.142600 	 0.000362 	 0.096830 
 0.142700 	 0.000371 	 0.096705 
 0.142800 	 0.000381 	 0.096570 
 0.142900 	 0.000391 	 0.096425 
 0.143000 	 0.000400 	 0.096270 
 0.143100 	 0.000410 	 0.096106 
 0.143200 	 0.000420 	 0.095931 
 0.143300 	 0.000429 	 0.095747 
 0.143400 	 0.000439 	 0.095553 
 0.143500 	 0.000448 	 0.095349 
 0.143600 	 0.000458 	 0.095135 
 0.143700 	 0.000467 	 0.094912 
 0.143800 	 0.000477 	 0.094678 
 0.143900 	 0.000486 	 0.094435 
 0.144000 	 0.000496 	 0.094183 
 0.144100 	 0.000505 	 0.093921 
 0.144200 	 0.000514 	 0.093649 
 0.144300 	 0.000524 	 0.093367 
 0.144400 	 0.000533 	 0.093076 
 0.144500 	 0.000542 	 0.092776 
 0.144600 	 0.000552 	 0.092466 
 0.144700 	 0.000561 	 0.092146 
 0.144800 	 0.000570 	 0.091817 
 0.144900 	 0.000579 	 0.091478 
 0.145000 	 0.000588 	 0.091131 
 0.145100 	 0.000598 	 0.090773 
 0.145200 	 0.000607 	 0.090407 
 0.145300 	 0.000616 	 0.090031 
 0.145400 	 0.000625 	 0.089646 
 0.145500 	 0.000634 	 0.089252 
 0.145600 	 0.000642 	 0.088848 
 0.145700 	 0.000651 	 0.088436 
 0.145800 	 0.000660 	 0.088014 
 0.145900 	 0.000669 	 0.087584 
 0.146000 	 0.000678 	 0.087144 
 0.146100 	 0.000686 	 0.086695 
 0.146200 	 0.000695 	 0.086238 
 0.146300 	 0.000704 	 0.085771 
 0.146400 	 0.000712 	 0.085296 
 0.146500 	 0.000721 	 0.084812 
 0.146600 	 0.000729 	 0.084320 
 0.146700 	 0.000738 	 0.083818 
 0.146800 	 0.000746 	 0.083308 
 0.146900 	 0.000754 	 0.082790 
 0.147000 	 0.000762 	 0.082263 
 0.147100 	 0.000771 	 0.081727 
 0.147200 	 0.000779 	 0.081184 
 0.147300 	 0.000787 	 0.080631 
 0.147400 	 0.000795 	 0.080071 
 0.147500 	 0.000803 	 0.079502 
 0.147600 	 0.000811 	 0.078925 
 0.147700 	 0.000819 	 0.078340 
 0.147800 	 0.000826 	 0.077747 
 0.147900 	 0.000834 	 0.077146 
 0.148000 	 0.000842 	 0.076537 
 0.148100 	 0.000850 	 0.075920 
 0.148200 	 0.000857 	 0.075295 
 0.148300 	 0.000865 	 0.074662 
 0.148400 	 0.000872 	 0.074022 
 0.148500 	 0.000879 	 0.073374 
 0.148600 	 0.000887 	 0.072719 
 0.148700 	 0.000894 	 0.072056 
 0.148800 	 0.000901 	 0.071385 
 0.148900 	 0.000908 	 0.070708 
 0.149000 	 0.000915 	 0.070023 
 0.149100 	 0.000922 	 0.069330 
 0.149200 	 0.000929 	 0.068631 
 0.149300 	 0.000936 	 0.067924 
 0.149400 	 0.000943 	 0.067211 
 0.149500 	 0.000949 	 0.066490 
 0.149600 	 0.000956 	 0.065763 
 0.149700 	 0.000963 	 0.065029 
 0.149800 	 0.000969 	 0.064288 
 0.149900 	 0.000975 	 0.063540 
 0.150000 	 0.000982 	 0.062786 
 0.150100 	 0.000988 	 0.062025 
 0.150200 	 0.000994 	 0.061258 
 0.150300 	 0.001000 	 0.060485 
 0.150400 	 0.001006 	 0.059705 
 0.150500 	 0.001012 	 0.058919 
 0.150600 	 0.001018 	 0.058127 
 0.150700 	 0.001024 	 0.057329 
 0.150800 	 0.001029 	 0.056525 
 0.150900 	 0.001035 	 0.055715 
 0.151000 	 0.001041 	 0.054900 
 0.151100 	 0.001046 	 0.054078 
 0.151200 	 0.001051 	 0.053251 
 0.151300 	 0.001057 	 0.052418 
 0.151400 	 0.001062 	 0.051580 
 0.151500 	 0.001067 	 0.050737 
 0.151600 	 0.001072 	 0.049888 
 0.151700 	 0.001077 	 0.049034 
 0.151800 	 0.001082 	 0.048175 
 0.151900 	 0.001087 	 0.047311 
 0.152000 	 0.001091 	 0.046442 
 0.152100 	 0.001096 	 0.045568 
 0.152200 	 0.001100 	 0.044689 
 0.152300 	 0.001105 	 0.043806 
 0.152400 	 0.001109 	 0.042918 
 0.152500 	 0.001113 	 0.042025 
 0.152600 	 0.001118 	 0.041128 
 0.152700 	 0.001122 	 0.040227 
 0.152800 	 0.001126 	 0.039322 
 0.152900 	 0.001130 	 0.038412 
 0.153000 	 0.001133 	 0.037498 
 0.153100 	 0.001137 	 0.036581 
 0.153200 	 0.001141 	 0.035659 
 0.153300 	 0.001144 	 0.034734 
 0.153400 	 0.001148 	 0.033805 
 0.153500 	 0.001151 	 0.032872 
 0.153600 	 0.001154 	 0.031936 
 0.153700 	 0.001157 	 0.030996 
 0.153800 	 0.001160 	 0.030053 
 0.153900 	 0.001163 	 0.029107 
 0.154000 	 0.001166 	 0.028158 
 0.154100 	 0.001169 	 0.027206 
 0.154200 	 0.001172 	 0.026250 
 0.154300 	 0.001174 	 0.025292 
 0.154400 	 0.001177 	 0.024332 
 0.154500 	 0.001179 	 0.023368 
 0.154600 	 0.001181 	 0.022402 
 0.154700 	 0.001184 	 0.021434 
 0.154800 	 0.001186 	 0.020463 
 0.154900 	 0.001188 	 0.019490 
 0.155000 	 0.001190 	 0.018514 
 0.155100 	 0.001191 	 0.017537 
 0.155200 	 0.001193 	 0.016558 
 0.155300 	 0.001195 	 0.015577 
 0.155400 	 0.001196 	 0.014594 
 0.155500 	 0.001198 	 0.013609 
 0.155600 	 0.001199 	 0.012623 
 0.155700 	 0.001200 	 0.011635 
 0.155800 	 0.001201 	 0.010646 
 0.155900 	 0.001202 	 0.009656 
 0.156000 	 0.001203 	 0.008665 
 0.156100 	 0.001204 	 0.007672 
 0.156200 	 0.001205 	 0.006678 
 0.156300 	 0.001205 	 0.005684 
 0.156400 	 0.001206 	 0.004689 
 0.156500 	 0.001206 	 0.003693 
 0.156600 	 0.001207 	 0.002696 
 0.156700 	 0.001207 	 0.001699 
 0.156800 	 0.001207 	 0.000702 
 0.156900 	 0.001207 	 -0.000295 
 0.157000 	 0.001207 	 -0.001293 
 0.157100 	 0.001207 	 -0.002291 
 0.157200 	 0.001206 	 -0.003289 
 0.157300 	 0.001206 	 -0.004287 
 0.157400 	 0.001206 	 -0.005284 
 0.157500 	 0.001205 	 -0.006282 
 0.157600 	 0.001204 	 -0.007278 
 0.157700 	 0.001203 	 -0.008275 
 0.157800 	 0.001203 	 -0.009270 
 0.157900 	 0.001202 	 -0.010265 
 0.158000 	 0.001201 	 -0.011259 
 0.158100 	 0.001199 	 -0.012252 
 0.158200 	 0.001198 	 -0.013245 
 0.158300 	 0.001197 	 -0.014236 
 0.158400 	 0.001195 	 -0.015226 
 0.158500 	 0.001194 	 -0.016214 
 0.158600 	 0.001192 	 -0.017201 
 0.158700 	 0.001190 	 -0.018187 
 0.158800 	 0.001188 	 -0.019171 
 0.158900 	 0.001186 	 -0.020153 
 0.159000 	 0.001184 	 -0.021134 
 0.159100 	 0.001182 	 -0.022112 
 0.159200 	 0.001180 	 -0.023089 
 0.159300 	 0.001178 	 -0.024063 
 0.159400 	 0.001175 	 -0.025036 
 0.159500 	 0.001173 	 -0.026006 
 0.159600 	 0.001170 	 -0.026973 
 0.159700 	 0.001167 	 -0.027938 
 0.159800 	 0.001164 	 -0.028901 
 0.159900 	 0.001161 	 -0.029861 
 0.160000 	 0.001158 	 -0.030818 
 0.160100 	 0.001155 	 -0.031772 
 0.160200 	 0.001152 	 -0.032723 
 0.160300 	 0.001149 	 -0.033671 
 0.160400 	 0.001145 	 -0.034616 
 0.160500 	 0.001142 	 -0.035558 
 0.160600 	 0.001138 	 -0.036496 
 0.160700 	 0.001134 	 -0.037431 
 0.160800 	 0.001131 	 -0.038362 
 0.160900 	 0.001127 	 -0.039290 
 0.161000 	 0.001123 	 -0.040214 
 0.161100 	 0.001119 	 -0.041134 
 0.161200 	 0.001115 	 -0.042050 
 0.161300 	 0.001110 	 -0.042963 
 0.161400 	 0.001106 	 -0.043871 
 0.161500 	 0.001102 	 -0.044775 
 0.161600 	 0.001097 	 -0.045675 
 0.161700 	 0.001092 	 -0.046570 
 0.161800 	 0.001088 	 -0.047461 
 0.161900 	 0.001083 	 -0.048347 
 0.162000 	 0.001078 	 -0.049229 
 0.162100 	 0.001073 	 -0.050106 
 0.162200 	 0.001068 	 -0.050978 
 0.162300 	 0.001063 	 -0.051845 
 0.162400 	 0.001058 	 -0.052708 
 0.162500 	 0.001052 	 -0.053565 
 0.162600 	 0.001047 	 -0.054417 
 0.162700 	 0.001041 	 -0.055264 
 0.162800 	 0.001036 	 -0.056105 
 0.162900 	 0.001030 	 -0.056941 
 0.163000 	 0.001024 	 -0.057772 
 0.163100 	 0.001019 	 -0.058597 
 0.163200 	 0.001013 	 -0.059416 
 0.163300 	 0.001007 	 -0.060230 
 0.163400 	 0.001001 	 -0.061038 
 0.163500 	 0.000995 	 -0.061840 
 0.163600 	 0.000988 	 -0.062635 
 0.163700 	 0.000982 	 -0.063425 
 0.163800 	 0.000976 	 -0.064209 
 0.163900 	 0.000969 	 -0.064986 
 0.164000 	 0.000963 	 -0.065758 
 0.164100 	 0.000956 	 -0.066522 
 0.164200 	 0.000949 	 -0.067281 
 0.164300 	 0.000943 	 -0.068033 
 0.164400 	 0.000936 	 -0.068778 
 0.164500 	 0.000929 	 -0.069516 
 0.164600 	 0.000922 	 -0.070248 
 0.164700 	 0.000915 	 -0.070973 
 0.164800 	 0.000908 	 -0.071691 
 0.164900 	 0.000900 	 -0.072402 
 0.165000 	 0.000893 	 -0.073106 
 0.165100 	 0.000886 	 -0.073803 
 0.165200 	 0.000878 	 -0.074492 
 0.165300 	 0.000871 	 -0.075175 
 0.165400 	 0.000863 	 -0.075850 
 0.165500 	 0.000856 	 -0.076518 
 0.165600 	 0.000848 	 -0.077178 
 0.165700 	 0.000840 	 -0.077831 
 0.165800 	 0.000833 	 -0.078476 
 0.165900 	 0.000825 	 -0.079113 
 0.166000 	 0.000817 	 -0.079743 
 0.166100 	 0.000809 	 -0.080365 
 0.166200 	 0.000801 	 -0.080979 
 0.166300 	 0.000792 	 -0.081586 
 0.166400 	 0.000784 	 -0.082184 
 0.166500 	 0.000776 	 -0.082774 
 0.166600 	 0.000768 	 -0.083356 
 0.166700 	 0.000759 	 -0.083930 
 0.166800 	 0.000751 	 -0.084496 
 0.166900 	 0.000742 	 -0.085054 
 0.167000 	 0.000734 	 -0.085603 
 0.167100 	 0.000725 	 -0.086144 
 0.167200 	 0.000717 	 -0.086676 
 0.167300 	 0.000708 	 -0.087200 
 0.167400 	 0.000699 	 -0.087716 
 0.167500 	 0.000690 	 -0.088223 
 0.167600 	 0.000682 	 -0.088721 
 0.167700 	 0.000673 	 -0.089210 
 0.167800 	 0.000664 	 -0.089691 
 0.167900 	 0.000655 	 -0.090163 
 0.168000 	 0.000646 	 -0.090627 
 0.168100 	 0.000637 	 -0.091081 
 0.168200 	 0.000628 	 -0.091526 
 0.168300 	 0.000618 	 -0.091963 
 0.168400 	 0.000609 	 -0.092390 
 0.168500 	 0.000600 	 -0.092809 
 0.168600 	 0.000591 	 -0.093218 
 0.168700 	 0.000581 	 -0.093618 
 0.168800 	 0.000572 	 -0.094009 
 0.168900 	 0.000562 	 -0.094391 
 0.169000 	 0.000553 	 -0.094763 
 0.169100 	 0.000544 	 -0.095127 
 0.169200 	 0.000534 	 -0.095481 
 0.169300 	 0.000524 	 -0.095825 
 0.169400 	 0.000515 	 -0.096160 
 0.169500 	 0.000505 	 -0.096486 
 0.169600 	 0.000496 	 -0.096802 
 0.169700 	 0.000486 	 -0.097109 
 0.169800 	 0.000476 	 -0.097406 
 0.169900 	 0.000466 	 -0.097694 
 0.170000 	 0.000457 	 -0.097972 
 0.170100 	 0.000447 	 -0.098241 
 0.170200 	 0.000437 	 -0.098500 
 0.170300 	 0.000427 	 -0.098749 
 0.170400 	 0.000417 	 -0.098988 
 0.170500 	 0.000407 	 -0.099218 
 0.170600 	 0.000397 	 -0.099438 
 0.170700 	 0.000387 	 -0.099648 
 0.170800 	 0.000377 	 -0.099849 
 0.170900 	 0.000367 	 -0.100040 
 0.171000 	 0.000357 	 -0.100221 
 0.171100 	 0.000347 	 -0.100392 
 0.171200 	 0.000337 	 -0.100553 
 0.171300 	 0.000327 	 -0.100704 
 0.171400 	 0.000317 	 -0.100846 
 0.171500 	 0.000307 	 -0.100977 
 0.171600 	 0.000297 	 -0.101099 
 0.171700 	 0.000287 	 -0.101210 
 0.171800 	 0.000277 	 -0.101312 
 0.171900 	 0.000267 	 -0.101404 
 0.172000 	 0.000256 	 -0.101486 
 0.172100 	 0.000246 	 -0.101558 
 0.172200 	 0.000236 	 -0.101620 
 0.172300 	 0.000226 	 -0.101672 
 0.172400 	 0.000216 	 -0.101713 
 0.172500 	 0.000206 	 -0.101745 
 0.172600 	 0.000195 	 -0.101767 
 0.172700 	 0.000185 	 -0.101779 
 0.172800 	 0.000175 	 -0.101781 
 0.172900 	 0.000165 	 -0.101773 
 0.173000 	 0.000155 	 -0.101755 
 0.173100 	 0.000145 	 -0.101727 
 0.173200 	 0.000134 	 -0.101689 
 0.173300 	 0.000124 	 -0.101641 
 0.173400 	 0.000114 	 -0.101583 
 0.173500 	 0.000104 	 -0.101515 
 0.173600 	 0.000094 	 -0.101437 
 0.173700 	 0.000084 	 -0.101349 
 0.173800 	 0.000073 	 -0.101251 
 0.173900 	 0.000063 	 -0.101144 
 0.174000 	 0.000053 	 -0.101026 
 0.174100 	 0.000043 	 -0.100898 
 0.174200 	 0.000033 	 -0.100761 
 0.174300 	 0.000023 	 -0.100613 
 0.174400 	 0.000013 	 -0.100456 
 0.174500 	 0.000003 	 -0.100288 
 0.174600 	 -0.000007 	 -0.100111 
 0.174700 	 -0.000017 	 -0.099924 
 0.174800 	 -0.000027 	 -0.099728 
 0.174900 	 -0.000037 	 -0.099521 
 0.175000 	 -0.000047 	 -0.099305 
 0.175100 	 -0.000057 	 -0.099079 
 0.175200 	 -0.000067 	 -0.098843 
 0.175300 	 -0.000077 	 -0.098597 
 0.175400 	 -0.000087 	 -0.098342 
 0.175500 	 -0.000096 	 -0.098077 
 0.175600 	 -0.000106 	 -0.097803 
 0.175700 	 -0.000116 	 -0.097519 
 0.175800 	 -0.000126 	 -0.097225 
 0.175900 	 -0.000135 	 -0.096922 
 0.176000 	 -0.000145 	 -0.096609 
 0.176100 	 -0.000155 	 -0.096287 
 0.176200 	 -0.000164 	 -0.095955 
 0.176300 	 -0.000174 	 -0.095614 
 0.176400 	 -0.000183 	 -0.095264 
 0.176500 	 -0.000193 	 -0.094904 
 0.176600 	 -0.000202 	 -0.094535 
 0.176700 	 -0.000212 	 -0.094156 
 0.176800 	 -0.000221 	 -0.093769 
 0.176900 	 -0.000231 	 -0.093372 
 0.177000 	 -0.000240 	 -0.092966 
 0.177100 	 -0.000249 	 -0.092550 
 0.177200 	 -0.000258 	 -0.092126 
 0.177300 	 -0.000268 	 -0.091693 
 0.177400 	 -0.000277 	 -0.091251 
 0.177500 	 -0.000286 	 -0.090799 
 0.177600 	 -0.000295 	 -0.090339 
 0.177700 	 -0.000304 	 -0.089870 
 0.177800 	 -0.000313 	 -0.089392 
 0.177900 	 -0.000322 	 -0.088906 
 0.178000 	 -0.000331 	 -0.088410 
 0.178100 	 -0.000339 	 -0.087906 
 0.178200 	 -0.000348 	 -0.087394 
 0.178300 	 -0.000357 	 -0.086873 
 0.178400 	 -0.000366 	 -0.086343 
 0.178500 	 -0.000374 	 -0.085805 
 0.178600 	 -0.000383 	 -0.085258 
 0.178700 	 -0.000391 	 -0.084703 
 0.178800 	 -0.000400 	 -0.084140 
 0.178900 	 -0.000408 	 -0.083569 
 0.179000 	 -0.000416 	 -0.082989 
 0.179100 	 -0.000425 	 -0.082401 
 0.179200 	 -0.000433 	 -0.081805 
 0.179300 	 -0.000441 	 -0.081201 
 0.179400 	 -0.000449 	 -0.080590 
 0.179500 	 -0.000457 	 -0.079970 
 0.179600 	 -0.000465 	 -0.079342 
 0.179700 	 -0.000473 	 -0.078707 
 0.179800 	 -0.000481 	 -0.078064 
 0.179900 	 -0.000489 	 -0.077413 
 0.180000 	 -0.000496 	 -0.076755 
 0.180100 	 -0.000504 	 -0.076089 
 0.180200 	 -0.000512 	 -0.075416 
 0.180300 	 -0.000519 	 -0.074736 
 0.180400 	 -0.000527 	 -0.074048 
 0.180500 	 -0.000534 	 -0.073353 
 0.180600 	 -0.000541 	 -0.072650 
 0.180700 	 -0.000548 	 -0.071941 
 0.180800 	 -0.000556 	 -0.071225 
 0.180900 	 -0.000563 	 -0.070501 
 0.181000 	 -0.000570 	 -0.069771 
 0.181100 	 -0.000577 	 -0.069034 
 0.181200 	 -0.000583 	 -0.068290 
 0.181300 	 -0.000590 	 -0.067540 
 0.181400 	 -0.000597 	 -0.066783 
 0.181500 	 -0.000604 	 -0.066019 
 0.181600 	 -0.000610 	 -0.065249 
 0.181700 	 -0.000617 	 -0.064473 
 0.181800 	 -0.000623 	 -0.063690 
 0.181900 	 -0.000629 	 -0.062901 
 0.182000 	 -0.000636 	 -0.062107 
 0.182100 	 -0.000642 	 -0.061306 
 0.182200 	 -0.000648 	 -0.060499 
 0.182300 	 -0.000654 	 -0.059686 
 0.182400 	 -0.000660 	 -0.058867 
 0.182500 	 -0.000666 	 -0.058043 
 0.182600 	 -0.000671 	 -0.057213 
 0.182700 	 -0.000677 	 -0.056377 
 0.182800 	 -0.000683 	 -0.055536 
 0.182900 	 -0.000688 	 -0.054690 
 0.183000 	 -0.000694 	 -0.053838 
 0.183100 	 -0.000699 	 -0.052981 
 0.183200 	 -0.000704 	 -0.052119 
 0.183300 	 -0.000709 	 -0.051252 
 0.183400 	 -0.000715 	 -0.050379 
 0.183500 	 -0.000720 	 -0.049502 
 0.183600 	 -0.000724 	 -0.048621 
 0.183700 	 -0.000729 	 -0.047734 
 0.183800 	 -0.000734 	 -0.046843 
 0.183900 	 -0.000739 	 -0.045947 
 0.184000 	 -0.000743 	 -0.045047 
 0.184100 	 -0.000748 	 -0.044143 
 0.184200 	 -0.000752 	 -0.043234 
 0.184300 	 -0.000756 	 -0.042321 
 0.184400 	 -0.000760 	 -0.041405 
 0.184500 	 -0.000765 	 -0.040484 
 0.184600 	 -0.000769 	 -0.039559 
 0.184700 	 -0.000772 	 -0.038630 
 0.184800 	 -0.000776 	 -0.037698 
 0.184900 	 -0.000780 	 -0.036762 
 0.185000 	 -0.000784 	 -0.035823 
 0.185100 	 -0.000787 	 -0.034880 
 0.185200 	 -0.000791 	 -0.033934 
 0.185300 	 -0.000794 	 -0.032985 
 0.185400 	 -0.000797 	 -0.032032 
 0.185500 	 -0.000800 	 -0.031076 
 0.185600 	 -0.000803 	 -0.030118 
 0.185700 	 -0.000806 	 -0.029157 
 0.185800 	 -0.000809 	 -0.028192 
 0.185900 	 -0.000812 	 -0.027226 
 0.186000 	 -0.000815 	 -0.026256 
 0.186100 	 -0.000817 	 -0.025285 
 0.186200 	 -0.000820 	 -0.024310 
 0.186300 	 -0.000822 	 -0.023334 
 0.186400 	 -0.000824 	 -0.022355 
 0.186500 	 -0.000827 	 -0.021375 
 0.186600 	 -0.000829 	 -0.020392 
 0.186700 	 -0.000831 	 -0.019407 
 0.186800 	 -0.000833 	 -0.018421 
 0.186900 	 -0.000834 	 -0.017433 
 0.187000 	 -0.000836 	 -0.016443 
 0.187100 	 -0.000838 	 -0.015452 
 0.187200 	 -0.000839 	 -0.014460 
 0.187300 	 -0.000841 	 -0.013466 
 0.187400 	 -0.000842 	 -0.012471 
 0.187500 	 -0.000843 	 -0.011475 
 0.187600 	 -0.000844 	 -0.010478 
 0.187700 	 -0.000845 	 -0.009480 
 0.187800 	 -0.000846 	 -0.008481 
 0.187900 	 -0.000847 	 -0.007481 
 0.188000 	 -0.000848 	 -0.006481 
 0.188100 	 -0.000848 	 -0.005481 
 0.188200 	 -0.000849 	 -0.004480 
 0.188300 	 -0.000849 	 -0.003479 
 0.188400 	 -0.000849 	 -0.002477 
 0.188500 	 -0.000850 	 -0.001476 
 0.188600 	 -0.000850 	 -0.000474 
 0.188700 	 -0.000850 	 0.000527 
 0.188800 	 -0.000850 	 0.001528 
 0.188900 	 -0.000849 	 0.002529 
 0.189000 	 -0.000849 	 0.003530 
 0.189100 	 -0.000849 	 0.004530 
 0.189200 	 -0.000848 	 0.005529 
 0.189300 	 -0.000848 	 0.006528 
 0.189400 	 -0.000847 	 0.007526 
 0.189500 	 -0.000846 	 0.008523 
 0.189600 	 -0.000845 	 0.009519 
 0.189700 	 -0.000844 	 0.010514 
 0.189800 	 -0.000843 	 0.011507 
 0.189900 	 -0.000842 	 0.012500 
 0.190000 	 -0.000840 	 0.013491 
 0.190100 	 -0.000839 	 0.014480 
 0.190200 	 -0.000838 	 0.015468 
 0.190300 	 -0.000836 	 0.016454 
 0.190400 	 -0.000834 	 0.017438 
 0.190500 	 -0.000833 	 0.018421 
 0.190600 	 -0.000831 	 0.019401 
 0.190700 	 -0.000829 	 0.020380 
 0.190800 	 -0.000827 	 0.021356 
 0.190900 	 -0.000824 	 0.022330 
 0.191000 	 -0.000822 	 0.023301 
 0.191100 	 -0.000820 	 0.024270 
 0.191200 	 -0.000817 	 0.025237 
 0.191300 	 -0.000815 	 0.026201 
 0.191400 	 -0.000812 	 0.027162 
 0.191500 	 -0.000809 	 0.028120 
 0.191600 	 -0.000806 	 0.029075 
 0.191700 	 -0.000803 	 0.030027 
 0.191800 	 -0.000800 	 0.030976 
 0.191900 	 -0.000797 	 0.031922 
 0.192000 	 -0.000794 	 0.032864 
 0.192100 	 -0.000791 	 0.033803 
 0.192200 	 -0.000787 	 0.034739 
 0.192300 	 -0.000784 	 0.035670 
 0.192400 	 -0.000780 	 0.036599 
 0.192500 	 -0.000776 	 0.037523 
 0.192600 	 -0.000773 	 0.038443 
 0.192700 	 -0.000769 	 0.039360 
 0.192800 	 -0.000765 	 0.040272 
 0.192900 	 -0.000761 	 0.041180 
 0.193000 	 -0.000756 	 0.042084 
 0.193100 	 -0.000752 	 0.042984 
 0.193200 	 -0.000748 	 0.043879 
 0.193300 	 -0.000743 	 0.044769 
 0.193400 	 -0.000739 	 0.045655 
 0.193500 	 -0.000734 	 0.046536 
 0.193600 	 -0.000730 	 0.047413 
 0.193700 	 -0.000725 	 0.048284 
 0.193800 	 -0.000720 	 0.049151 
 0.193900 	 -0.000715 	 0.050012 
 0.194000 	 -0.000710 	 0.050869 
 0.194100 	 -0.000705 	 0.051720 
 0.194200 	 -0.000700 	 0.052566 
 0.194300 	 -0.000694 	 0.053406 
 0.194400 	 -0.000689 	 0.054241 
 0.194500 	 -0.000683 	 0.055070 
 0.194600 	 -0.000678 	 0.055894 
 0.194700 	 -0.000672 	 0.056712 
 0.194800 	 -0.000667 	 0.057524 
 0.194900 	 -0.000661 	 0.058330 
 0.195000 	 -0.000655 	 0.059131 
 0.195100 	 -0.000649 	 0.059925 
 0.195200 	 -0.000643 	 0.060713 
 0.195300 	 -0.000637 	 0.061495 
 0.195400 	 -0.000631 	 0.062270 
 0.195500 	 -0.000624 	 0.063039 
 0.195600 	 -0.000618 	 0.063802 
 0.195700 	 -0.000612 	 0.064558 
 0.195800 	 -0.000605 	 0.065308 
 0.195900 	 -0.000599 	 0.066051 
 0.196000 	 -0.000592 	 0.066787 
 0.196100 	 -0.000585 	 0.067517 
 0.196200 	 -0.000578 	 0.068239 
 0.196300 	 -0.000572 	 0.068955 
 0.196400 	 -0.000565 	 0.069663 
 0.196500 	 -0.000558 	 0.070364 
 0.196600 	 -0.000551 	 0.071059 
 0.196700 	 -0.000543 	 0.071746 
 0.196800 	 -0.000536 	 0.072425 
 0.196900 	 -0.000529 	 0.073098 
 0.197000 	 -0.000522 	 0.073762 
 0.197100 	 -0.000514 	 0.074420 
 0.197200 	 -0.000507 	 0.075069 
 0.197300 	 -0.000499 	 0.075711 
 0.197400 	 -0.000492 	 0.076346 
 0.197500 	 -0.000484 	 0.076972 
 0.197600 	 -0.000476 	 0.077591 
 0.197700 	 -0.000468 	 0.078202 
 0.197800 	 -0.000460 	 0.078805 
 0.197900 	 -0.000453 	 0.079400 
 0.198000 	 -0.000445 	 0.079986 
 0.198100 	 -0.000437 	 0.080565 
 0.198200 	 -0.000429 	 0.081135 
 0.198300 	 -0.000420 	 0.081698 
 0.198400 	 -0.000412 	 0.082252 
 0.198500 	 -0.000404 	 0.082797 
 0.198600 	 -0.000396 	 0.083334 
 0.198700 	 -0.000387 	 0.083863 
 0.198800 	 -0.000379 	 0.084383 
 0.198900 	 -0.000370 	 0.084894 
 0.199000 	 -0.000362 	 0.085397 
 0.199100 	 -0.000353 	 0.085892 
 0.199200 	 -0.000345 	 0.086377 
 0.199300 	 -0.000336 	 0.086854 
 0.199400 	 -0.000327 	 0.087322 
 0.199500 	 -0.000319 	 0.087781 
 0.199600 	 -0.000310 	 0.088231 
 0.199700 	 -0.000301 	 0.088672 
 0.199800 	 -0.000292 	 0.089104 
 0.199900 	 -0.000283 	 0.089527 
 0.200000 	 -0.000274 	 0.089941 
 0.200100 	 -0.000265 	 0.090346 
 0.200200 	 -0.000256 	 0.090742 
 0.200300 	 -0.000247 	 0.091128 
 0.200400 	 -0.000238 	 0.091505 
 0.200500 	 -0.000229 	 0.091873 
 0.200600 	 -0.000219 	 0.092232 
 0.200700 	 -0.000210 	 0.092581 
 0.200800 	 -0.000201 	 0.092921 
 0.200900 	 -0.000192 	 0.093252 
 0.201000 	 -0.000182 	 0.093573 
 0.201100 	 -0.000173 	 0.093884 
 0.201200 	 -0.000164 	 0.094186 
 0.201300 	 -0.000154 	 0.094479 
 0.201400 	 -0.000145 	 0.094761 
 0.201500 	 -0.000135 	 0.095035 
 0.201600 	 -0.000126 	 0.095298 
 0.201700 	 -0.000116 	 0.095552 
 0.201800 	 -0.000106 	 0.095796 
 0.201900 	 -0.000097 	 0.096031 
 0.202000 	 -0.000087 	 0.096256 
 0.202100 	 -0.000078 	 0.096471 
 0.202200 	 -0.000068 	 0.096676 
 0.202300 	 -0.000058 	 0.096871 
 0.202400 	 -0.000049 	 0.097057 
 0.202500 	 -0.000039 	 0.097233 
 0.202600 	 -0.000029 	 0.097399 
 0.202700 	 -0.000019 	 0.097555 
 0.202800 	 -0.000010 	 0.097701 
 0.202900 	 0.000000 	 0.097837 
 0.203000 	 0.000010 	 0.097964 
 0.203100 	 0.000020 	 0.098080 
 0.203200 	 0.000030 	 0.098187 
 0.203300 	 0.000039 	 0.098283 
 0.203400 	 0.000049 	 0.098370 
 0.203500 	 0.000059 	 0.098446 
 0.203600 	 0.000069 	 0.098513 
 0.203700 	 0.000079 	 0.098570 
 0.203800 	 0.000089 	 0.098616 
 0.203900 	 0.000098 	 0.098653 
 0.204000 	 0.000108 	 0.098680 
 0.204100 	 0.000118 	 0.098696 
 0.204200 	 0.000128 	 0.098703 
 0.204300 	 0.000138 	 0.098700 
 0.204400 	 0.000148 	 0.098686 
 0.204500 	 0.000158 	 0.098663 
 0.204600 	 0.000168 	 0.098630 
 0.204700 	 0.000177 	 0.098586 
 0.204800 	 0.000187 	 0.098533 
 0.204900 	 0.000197 	 0.098470 
 0.205000 	 0.000207 	 0.098396 
 0.205100 	 0.000217 	 0.098313 
 0.205200 	 0.000227 	 0.098220 
 0.205300 	 0.000236 	 0.098117 
 0.205400 	 0.000246 	 0.098004 
 0.205500 	 0.000256 	 0.097881 
 0.205600 	 0.000266 	 0.097748 
 0.205700 	 0.000276 	 0.097605 
 0.205800 	 0.000285 	 0.097452 
 0.205900 	 0.000295 	 0.097289 
 0.206000 	 0.000305 	 0.097117 
 0.206100 	 0.000314 	 0.096935 
 0.206200 	 0.000324 	 0.096742 
 0.206300 	 0.000334 	 0.096541 
 0.206400 	 0.000343 	 0.096329 
 0.206500 	 0.000353 	 0.096107 
 0.206600 	 0.000363 	 0.095876 
 0.206700 	 0.000372 	 0.095635 
 0.206800 	 0.000382 	 0.095385 
 0.206900 	 0.000391 	 0.095124 
 0.207000 	 0.000401 	 0.094854 
 0.207100 	 0.000410 	 0.094575 
 0.207200 	 0.000420 	 0.094286 
 0.207300 	 0.000429 	 0.093987 
 0.207400 	 0.000439 	 0.093679 
 0.207500 	 0.000448 	 0.093361 
 0.207600 	 0.000457 	 0.093034 
 0.207700 	 0.000467 	 0.092697 
 0.207800 	 0.000476 	 0.092351 
 0.207900 	 0.000485 	 0.091996 
 0.208000 	 0.000494 	 0.091631 
 0.208100 	 0.000503 	 0.091257 
 0.208200 	 0.000512 	 0.090874 
 0.208300 	 0.000521 	 0.090482 
 0.208400 	 0.000531 	 0.090080 
 0.208500 	 0.000539 	 0.089669 
 0.208600 	 0.000548 	 0.089249 
 0.208700 	 0.000557 	 0.088821 
 0.208800 	 0.000566 	 0.088383 
 0.208900 	 0.000575 	 0.087936 
 0.209000 	 0.000584 	 0.087480 
 0.209100 	 0.000593 	 0.087015 
 0.209200 	 0.000601 	 0.086542 
 0.209300 	 0.000610 	 0.086060 
 0.209400 	 0.000618 	 0.085569 
 0.209500 	 0.000627 	 0.085069 
 0.209600 	 0.000635 	 0.084561 
 0.209700 	 0.000644 	 0.084044 
 0.209800 	 0.000652 	 0.083518 
 0.209900 	 0.000661 	 0.082985 
 0.210000 	 0.000669 	 0.082442 
 0.210100 	 0.000677 	 0.081892 
 0.210200 	 0.000685 	 0.081333 
 0.210300 	 0.000693 	 0.080765 
 0.210400 	 0.000701 	 0.080190 
 0.210500 	 0.000709 	 0.079606 
 0.210600 	 0.000717 	 0.079015 
 0.210700 	 0.000725 	 0.078415 
 0.210800 	 0.000733 	 0.077807 
 0.210900 	 0.000741 	 0.077192 
 0.211000 	 0.000748 	 0.076568 
 0.211100 	 0.000756 	 0.075937 
 0.211200 	 0.000764 	 0.075298 
 0.211300 	 0.000771 	 0.074652 
 0.211400 	 0.000779 	 0.073998 
 0.211500 	 0.000786 	 0.073336 
 0.211600 	 0.000793 	 0.072667 
 0.211700 	 0.000800 	 0.071990 
 0.211800 	 0.000808 	 0.071307 
 0.211900 	 0.000815 	 0.070616 
 0.212000 	 0.000822 	 0.069917 
 0.212100 	 0.000829 	 0.069212 
 0.212200 	 0.000836 	 0.068500 
 0.212300 	 0.000842 	 0.067780 
 0.212400 	 0.000849 	 0.067054 
 0.212500 	 0.000856 	 0.066321 
 0.212600 	 0.000862 	 0.065581 
 0.212700 	 0.000869 	 0.064834 
 0.212800 	 0.000875 	 0.064081 
 0.212900 	 0.000882 	 0.063322 
 0.213000 	 0.000888 	 0.062555 
 0.213100 	 0.000894 	 0.061783 
 0.213200 	 0.000900 	 0.061004 
 0.213300 	 0.000906 	 0.060219 
 0.213400 	 0.000912 	 0.059428 
 0.213500 	 0.000918 	 0.058631 
 0.213600 	 0.000924 	 0.057828 
 0.213700 	 0.000930 	 0.057019 
 0.213800 	 0.000936 	 0.056204 
 0.213900 	 0.000941 	 0.055383 
 0.214000 	 0.000947 	 0.054557 
 0.214100 	 0.000952 	 0.053725 
 0.214200 	 0.000957 	 0.052887 
 0.214300 	 0.000963 	 0.052045 
 0.214400 	 0.000968 	 0.051196 
 0.214500 	 0.000973 	 0.050343 
 0.214600 	 0.000978 	 0.049485 
 0.214700 	 0.000983 	 0.048621 
 0.214800 	 0.000988 	 0.047753 
 0.214900 	 0.000992 	 0.046879 
 0.215000 	 0.000997 	 0.046001 
 0.215100 	 0.001001 	 0.045118 
 0.215200 	 0.001006 	 0.044230 
 0.215300 	 0.001010 	 0.043338 
 0.215400 	 0.001015 	 0.042442 
 0.215500 	 0.001019 	 0.041541 
 0.215600 	 0.001023 	 0.040635 
 0.215700 	 0.001027 	 0.039726 
 0.215800 	 0.001031 	 0.038813 
 0.215900 	 0.001035 	 0.037895 
 0.216000 	 0.001038 	 0.036974 
 0.216100 	 0.001042 	 0.036048 
 0.216200 	 0.001046 	 0.035120 
 0.216300 	 0.001049 	 0.034187 
 0.216400 	 0.001052 	 0.033251 
 0.216500 	 0.001056 	 0.032311 
 0.216600 	 0.001059 	 0.031369 
 0.216700 	 0.001062 	 0.030422 
 0.216800 	 0.001065 	 0.029473 
 0.216900 	 0.001068 	 0.028521 
 0.217000 	 0.001071 	 0.027565 
 0.217100 	 0.001073 	 0.026607 
 0.217200 	 0.001076 	 0.025646 
 0.217300 	 0.001079 	 0.024683 
 0.217400 	 0.001081 	 0.023716 
 0.217500 	 0.001083 	 0.022748 
 0.217600 	 0.001086 	 0.021777 
 0.217700 	 0.001088 	 0.020803 
 0.217800 	 0.001090 	 0.019828 
 0.217900 	 0.001092 	 0.018850 
 0.218000 	 0.001093 	 0.017870 
 0.218100 	 0.001095 	 0.016889 
 0.218200 	 0.001097 	 0.015905 
 0.218300 	 0.001098 	 0.014920 
 0.218400 	 0.001100 	 0.013934 
 0.218500 	 0.001101 	 0.012945 
 0.218600 	 0.001102 	 0.011956 
 0.218700 	 0.001104 	 0.010965 
 0.218800 	 0.001105 	 0.009973 
 0.218900 	 0.001106 	 0.008979 
 0.219000 	 0.001106 	 0.007985 
 0.219100 	 0.001107 	 0.006990 
 0.219200 	 0.001108 	 0.005994 
 0.219300 	 0.001108 	 0.004997 
 0.219400 	 0.001109 	 0.004000 
 0.219500 	 0.001109 	 0.003002 
 0.219600 	 0.001109 	 0.002004 
 0.219700 	 0.001110 	 0.001006 
 0.219800 	 0.001110 	 0.000007 
 0.219900 	 0.001110 	 -0.000992 
 0.220000 	 0.001109 	 -0.001991 
 0.220100 	 0.001109 	 -0.002990 
 0.220200 	 0.001109 	 -0.003988 
 0.220300 	 0.001108 	 -0.004987 
 0.220400 	 0.001108 	 -0.005985 
 0.220500 	 0.001107 	 -0.006982 
 0.220600 	 0.001106 	 -0.007979 
 0.220700 	 0.001106 	 -0.008975 
 0.220800 	 0.001105 	 -0.009970 
 0.220900 	 0.001104 	 -0.010965 
 0.221000 	 0.001102 	 -0.011958 
 0.221100 	 0.001101 	 -0.012951 
 0.221200 	 0.001100 	 -0.013942 
 0.221300 	 0.001098 	 -0.014932 
 0.221400 	 0.001097 	 -0.015920 
 0.221500 	 0.001095 	 -0.016908 
 0.221600 	 0.001093 	 -0.017893 
 0.221700 	 0.001092 	 -0.018877 
 0.221800 	 0.001090 	 -0.019859 
 0.221900 	 0.001088 	 -0.020839 
 0.222000 	 0.001086 	 -0.021817 
 0.222100 	 0.001083 	 -0.022793 
 0.222200 	 0.001081 	 -0.023767 
 0.222300 	 0.001079 	 -0.024739 
 0.222400 	 0.001076 	 -0.025708 
 0.222500 	 0.001073 	 -0.026675 
 0.222600 	 0.001071 	 -0.027640 
 0.222700 	 0.001068 	 -0.028601 
 0.222800 	 0.001065 	 -0.029560 
 0.222900 	 0.001062 	 -0.030516 
 0.223000 	 0.001059 	 -0.031469 
 0.223100 	 0.001056 	 -0.032419 
 0.223200 	 0.001052 	 -0.033366 
 0.223300 	 0.001049 	 -0.034310 
 0.223400 	 0.001046 	 -0.035250 
 0.223500 	 0.001042 	 -0.036187 
 0.223600 	 0.001038 	 -0.037121 
 0.223700 	 0.001035 	 -0.038051 
 0.223800 	 0.001031 	 -0.038977 
 0.223900 	 0.001027 	 -0.039899 
 0.224000 	 0.001023 	 -0.040818 
 0.224100 	 0.001019 	 -0.041732 
 0.224200 	 0.001014 	 -0.042642 
 0.224300 	 0.001010 	 -0.043549 
 0.224400 	 0.001006 	 -0.044451 
 0.224500 	 0.001001 	 -0.045348 
 0.224600 	 0.000997 	 -0.046242 
 0.224700 	 0.000992 	 -0.047131 
 0.224800 	 0.000987 	 -0.048015 
 0.224900 	 0.000982 	 -0.048894 
 0.225000 	 0.000977 	 -0.049769 
 0.225100 	 0.000972 	 -0.050639 
 0.225200 	 0.000967 	 -0.051503 
 0.225300 	 0.000962 	 -0.052363 
 0.225400 	 0.000957 	 -0.053218 
 0.225500 	 0.000951 	 -0.054067 
 0.225600 	 0.000946 	 -0.054911 
 0.225700 	 0.000940 	 -0.055750 
 0.225800 	 0.000935 	 -0.056583 
 0.225900 	 0.000929 	 -0.057411 
 0.226000 	 0.000923 	 -0.058233 
 0.226100 	 0.000917 	 -0.059050 
 0.226200 	 0.000912 	 -0.059860 
 0.226300 	 0.000905 	 -0.060665 
 0.226400 	 0.000899 	 -0.061464 
 0.226500 	 0.000893 	 -0.062256 
 0.226600 	 0.000887 	 -0.063043 
 0.226700 	 0.000881 	 -0.063823 
 0.226800 	 0.000874 	 -0.064597 
 0.226900 	 0.000868 	 -0.065365 
 0.227000 	 0.000861 	 -0.066127 
 0.227100 	 0.000854 	 -0.066881 
 0.227200 	 0.000848 	 -0.067630 
 0.227300 	 0.000841 	 -0.068371 
 0.227400 	 0.000834 	 -0.069106 
 0.227500 	 0.000827 	 -0.069834 
 0.227600 	 0.000820 	 -0.070555 
 0.227700 	 0.000813 	 -0.071269 
 0.227800 	 0.000806 	 -0.071976 
 0.227900 	 0.000799 	 -0.072676 
 0.228000 	 0.000791 	 -0.073369 
 0.228100 	 0.000784 	 -0.074055 
 0.228200 	 0.000776 	 -0.074733 
 0.228300 	 0.000769 	 -0.075404 
 0.228400 	 0.000761 	 -0.076068 
 0.228500 	 0.000754 	 -0.076724 
 0.228600 	 0.000746 	 -0.077373 
 0.228700 	 0.000738 	 -0.078013 
 0.228800 	 0.000730 	 -0.078647 
 0.228900 	 0.000723 	 -0.079272 
 0.229000 	 0.000715 	 -0.079890 
 0.229100 	 0.000707 	 -0.080499 
 0.229200 	 0.000698 	 -0.081101 
 0.229300 	 0.000690 	 -0.081695 
 0.229400 	 0.000682 	 -0.082280 
 0.229500 	 0.000674 	 -0.082858 
 0.229600 	 0.000666 	 -0.083427 
 0.229700 	 0.000657 	 -0.083988 
 0.229800 	 0.000649 	 -0.084541 
 0.229900 	 0.000640 	 -0.085086 
 0.230000 	 0.000632 	 -0.085622 
 0.230100 	 0.000623 	 -0.086149 
 0.230200 	 0.000615 	 -0.086668 
 0.230300 	 0.000606 	 -0.087179 
 0.230400 	 0.000597 	 -0.087681 
 0.230500 	 0.000588 	 -0.088174 
 0.230600 	 0.000579 	 -0.088658 
 0.230700 	 0.000571 	 -0.089134 
 0.230800 	 0.000562 	 -0.089601 
 0.230900 	 0.000553 	 -0.090059 
 0.231000 	 0.000544 	 -0.090508 
 0.231100 	 0.000535 	 -0.090948 
 0.231200 	 0.000525 	 -0.091380 
 0.231300 	 0.000516 	 -0.091802 
 0.231400 	 0.000507 	 -0.092215 
 0.231500 	 0.000498 	 -0.092619 
 0.231600 	 0.000489 	 -0.093014 
 0.231700 	 0.000479 	 -0.093399 
 0.231800 	 0.000470 	 -0.093776 
 0.231900 	 0.000460 	 -0.094143 
 0.232000 	 0.000451 	 -0.094501 
 0.232100 	 0.000442 	 -0.094849 
 0.232200 	 0.000432 	 -0.095188 
 0.232300 	 0.000423 	 -0.095518 
 0.232400 	 0.000413 	 -0.095838 
 0.232500 	 0.000403 	 -0.096148 
 0.232600 	 0.000394 	 -0.096450 
 0.232700 	 0.000384 	 -0.096741 
 0.232800 	 0.000374 	 -0.097023 
 0.232900 	 0.000365 	 -0.097296 
 0.233000 	 0.000355 	 -0.097559 
 0.233100 	 0.000345 	 -0.097812 
 0.233200 	 0.000335 	 -0.098055 
 0.233300 	 0.000326 	 -0.098289 
 0.233400 	 0.000316 	 -0.098513 
 0.233500 	 0.000306 	 -0.098727 
 0.233600 	 0.000296 	 -0.098932 
 0.233700 	 0.000286 	 -0.099126 
 0.233800 	 0.000276 	 -0.099311 
 0.233900 	 0.000266 	 -0.099486 
 0.234000 	 0.000256 	 -0.099651 
 0.234100 	 0.000246 	 -0.099807 
 0.234200 	 0.000236 	 -0.099952 
 0.234300 	 0.000226 	 -0.100088 
 0.234400 	 0.000216 	 -0.100213 
 0.234500 	 0.000206 	 -0.100329 
 0.234600 	 0.000196 	 -0.100435 
 0.234700 	 0.000186 	 -0.100531 
 0.234800 	 0.000176 	 -0.100617 
 0.234900 	 0.000166 	 -0.100693 
 0.235000 	 0.000156 	 -0.100758 
 0.235100 	 0.000146 	 -0.100814 
 0.235200 	 0.000136 	 -0.100860 
 0.235300 	 0.000126 	 -0.100896 
 0.235400 	 0.000116 	 -0.100922 
 0.235500 	 0.000106 	 -0.100938 
 0.235600 	 0.000095 	 -0.100944 
 0.235700 	 0.000085 	 -0.100940 
 0.235800 	 0.000075 	 -0.100926 
 0.235900 	 0.000065 	 -0.100902 
 0.236000 	 0.000055 	 -0.100868 
 0.236100 	 0.000045 	 -0.100824 
 0.236200 	 0.000035 	 -0.100770 
 0.236300 	 0.000025 	 -0.100706 
 0.236400 	 0.000015 	 -0.100632 
 0.236500 	 0.000005 	 -0.100549 
 0.236600 	 -0.000005 	 -0.100455 
 0.236700 	 -0.000015 	 -0.100351 
 0.236800 	 -0.000025 	 -0.100237 
 0.236900 	 -0.000035 	 -0.100113 
 0.237000 	 -0.000045 	 -0.099980 
 0.237100 	 -0.000055 	 -0.099836 
 0.237200 	 -0.000065 	 -0.099683 
 0.237300 	 -0.000075 	 -0.099520 
 0.237400 	 -0.000085 	 -0.099347 
 0.237500 	 -0.000095 	 -0.099164 
 0.237600 	 -0.000105 	 -0.098971 
 0.237700 	 -0.000115 	 -0.098768 
 0.237800 	 -0.000125 	 -0.098556 
 0.237900 	 -0.000135 	 -0.098334 
 0.238000 	 -0.000145 	 -0.098102 
 0.238100 	 -0.000154 	 -0.097860 
 0.238200 	 -0.000164 	 -0.097609 
 0.238300 	 -0.000174 	 -0.097348 
 0.238400 	 -0.000184 	 -0.097077 
 0.238500 	 -0.000193 	 -0.096797 
 0.238600 	 -0.000203 	 -0.096507 
 0.238700 	 -0.000213 	 -0.096208 
 0.238800 	 -0.000222 	 -0.095899 
 0.238900 	 -0.000232 	 -0.095581 
 0.239000 	 -0.000241 	 -0.095253 
 0.239100 	 -0.000251 	 -0.094916 
 0.239200 	 -0.000260 	 -0.094569 
 0.239300 	 -0.000270 	 -0.094213 
 0.239400 	 -0.000279 	 -0.093847 
 0.239500 	 -0.000289 	 -0.093473 
 0.239600 	 -0.000298 	 -0.093089 
 0.239700 	 -0.000307 	 -0.092696 
 0.239800 	 -0.000316 	 -0.092293 
 0.239900 	 -0.000326 	 -0.091882 
 0.240000 	 -0.000335 	 -0.091461 
 0.240100 	 -0.000344 	 -0.091032 
 0.240200 	 -0.000353 	 -0.090593 
 0.240300 	 -0.000362 	 -0.090145 
 0.240400 	 -0.000371 	 -0.089689 
 0.240500 	 -0.000380 	 -0.089224 
 0.240600 	 -0.000389 	 -0.088749 
 0.240700 	 -0.000398 	 -0.088266 
 0.240800 	 -0.000406 	 -0.087775 
 0.240900 	 -0.000415 	 -0.087274 
 0.241000 	 -0.000424 	 -0.086765 
 0.241100 	 -0.000433 	 -0.086247 
 0.241200 	 -0.000441 	 -0.085721 
 0.241300 	 -0.000450 	 -0.085187 
 0.241400 	 -0.000458 	 -0.084643 
 0.241500 	 -0.000467 	 -0.084092 
 0.241600 	 -0.000475 	 -0.083532 
 0.241700 	 -0.000483 	 -0.082964 
 0.241800 	 -0.000492 	 -0.082388 
 0.241900 	 -0.000500 	 -0.081803 
 0.242000 	 -0.000508 	 -0.081211 
 0.242100 	 -0.000516 	 -0.080610 
 0.242200 	 -0.000524 	 -0.080002 
 0.242300 	 -0.000532 	 -0.079386 
 0.242400 	 -0.000540 	 -0.078761 
 0.242500 	 -0.000548 	 -0.078129 
 0.242600 	 -0.000556 	 -0.077489 
 0.242700 	 -0.000563 	 -0.076842 
 0.242800 	 -0.000571 	 -0.076187 
 0.242900 	 -0.000579 	 -0.075524 
 0.243000 	 -0.000586 	 -0.074854 
 0.243100 	 -0.000594 	 -0.074177 
 0.243200 	 -0.000601 	 -0.073492 
 0.243300 	 -0.000608 	 -0.072800 
 0.243400 	 -0.000615 	 -0.072101 
 0.243500 	 -0.000623 	 -0.071395 
 0.243600 	 -0.000630 	 -0.070681 
 0.243700 	 -0.000637 	 -0.069961 
 0.243800 	 -0.000644 	 -0.069234 
 0.243900 	 -0.000651 	 -0.068500 
 0.244000 	 -0.000657 	 -0.067759 
 0.244100 	 -0.000664 	 -0.067011 
 0.244200 	 -0.000671 	 -0.066257 
 0.244300 	 -0.000677 	 -0.065496 
 0.244400 	 -0.000684 	 -0.064729 
 0.244500 	 -0.000690 	 -0.063956 
 0.244600 	 -0.000697 	 -0.063176 
 0.244700 	 -0.000703 	 -0.062390 
 0.244800 	 -0.000709 	 -0.061597 
 0.244900 	 -0.000715 	 -0.060799 
 0.245000 	 -0.000721 	 -0.059995 
 0.245100 	 -0.000727 	 -0.059185 
 0.245200 	 -0.000733 	 -0.058368 
 0.245300 	 -0.000739 	 -0.057547 
 0.245400 	 -0.000745 	 -0.056719 
 0.245500 	 -0.000750 	 -0.055886 
 0.245600 	 -0.000756 	 -0.055048 
 0.245700 	 -0.000761 	 -0.054204 
 0.245800 	 -0.000767 	 -0.053354 
 0.245900 	 -0.000772 	 -0.052500 
 0.246000 	 -0.000777 	 -0.051640 
 0.246100 	 -0.000782 	 -0.050775 
 0.246200 	 -0.000787 	 -0.049905 
 0.246300 	 -0.000792 	 -0.049031 
 0.246400 	 -0.000797 	 -0.048151 
 0.246500 	 -0.000802 	 -0.047267 
 0.246600 	 -0.000807 	 -0.046378 
 0.246700 	 -0.000811 	 -0.045485 
 0.246800 	 -0.000816 	 -0.044587 
 0.246900 	 -0.000820 	 -0.043684 
 0.247000 	 -0.000824 	 -0.042778 
 0.247100 	 -0.000829 	 -0.041867 
 0.247200 	 -0.000833 	 -0.040952 
 0.247300 	 -0.000837 	 -0.040033 
 0.247400 	 -0.000841 	 -0.039111 
 0.247500 	 -0.000845 	 -0.038184 
 0.247600 	 -0.000849 	 -0.037254 
 0.247700 	 -0.000852 	 -0.036320 
 0.247800 	 -0.000856 	 -0.035382 
 0.247900 	 -0.000859 	 -0.034441 
 0.248000 	 -0.000863 	 -0.033497 
 0.248100 	 -0.000866 	 -0.032549 
 0.248200 	 -0.000869 	 -0.031598 
 0.248300 	 -0.000872 	 -0.030645 
 0.248400 	 -0.000875 	 -0.029688 
 0.248500 	 -0.000878 	 -0.028728 
 0.248600 	 -0.000881 	 -0.027766 
 0.248700 	 -0.000884 	 -0.026800 
 0.248800 	 -0.000886 	 -0.025833 
 0.248900 	 -0.000889 	 -0.024862 
 0.249000 	 -0.000891 	 -0.023890 
 0.249100 	 -0.000894 	 -0.022915 
 0.249200 	 -0.000896 	 -0.021937 
 0.249300 	 -0.000898 	 -0.020958 
 0.249400 	 -0.000900 	 -0.019977 
 0.249500 	 -0.000902 	 -0.018993 
 0.249600 	 -0.000904 	 -0.018008 
 0.249700 	 -0.000906 	 -0.017022 
 0.249800 	 -0.000907 	 -0.016033 
 0.249900 	 -0.000909 	 -0.015043 
 0.250000 	 -0.000910 	 -0.014052 
 0.250100 	 -0.000912 	 -0.013059 
 0.250200 	 -0.000913 	 -0.012065 
 0.250300 	 -0.000914 	 -0.011070 
 0.250400 	 -0.000915 	 -0.010074 
 0.250500 	 -0.000916 	 -0.009077 
 0.250600 	 -0.000917 	 -0.008079 
 0.250700 	 -0.000918 	 -0.007081 
 0.250800 	 -0.000918 	 -0.006082 
 0.250900 	 -0.000919 	 -0.005082 
 0.251000 	 -0.000919 	 -0.004082 
 0.251100 	 -0.000920 	 -0.003082 
 0.251200 	 -0.000920 	 -0.002081 
